StartTime: 2019-08-06 07:18:46.944
address	Time(s)	ax(g)	ay(g)	az(g)	wx(deg/s)	wy(deg/s)	wz(deg/s)	AngleX(deg)	AngleY(deg)	AngleZ(deg)	T(°)	hx	hy	hz 
0x50	07:27:53.505	0.0005	0.0015	0.9985	0.0000	0.0000	0.0000	0.0165	0.0110	0.0000	24.3500	-944	2911	-1283 
0x50	07:27:53.515	0.0000	0.0024	1.0000	0.0000	0.0000	0.0000	0.0165	0.0110	0.0000	24.3500	-944	2911	-1283 
0x50	07:27:53.525	-0.0010	-0.0005	0.9985	0.0000	0.0000	0.0000	0.0165	0.0110	0.0000	24.3500	-944	2911	-1283 
0x50	07:27:53.535	-0.0015	-0.0005	1.0000	0.0000	0.0000	0.0000	0.0165	0.0110	0.0000	24.3500	-944	2911	-1283 
0x50	07:27:53.545	0.0000	-0.0005	0.9995	0.0000	0.0000	0.0000	0.0165	0.0110	0.0000	24.3500	-944	2911	-1283 
0x50	07:27:53.555	0.0015	0.0010	1.0000	0.0000	0.0000	0.0000	0.0165	0.0110	0.0000	24.3500	-944	2911	-1283 
0x50	07:27:53.565	0.0005	0.0015	1.0024	0.0000	0.0000	0.0000	0.0165	0.0110	0.0000	24.3500	-944	2911	-1283 
0x50	07:27:53.574	0.0000	0.0029	1.0024	0.0000	0.0000	0.0000	0.0165	0.0110	0.0000	24.3500	-944	2911	-1283 
0x50	07:27:53.585	-0.0015	0.0044	1.0015	0.0000	0.0000	0.0000	0.0165	0.0110	0.0000	24.3500	-944	2911	-1283 
0x50	07:27:53.594	-0.0034	0.0029	1.0010	0.0000	0.0000	0.0000	0.0165	0.0110	0.0000	24.3500	-944	2911	-1283 
0x50	07:27:53.618	-0.0049	0.0010	0.9980	0.0000	0.0000	0.0000	0.0165	0.0110	0.0000	24.3500	-945	2911	-1283 
0x50	07:27:53.618	-0.0024	0.0010	1.0039	0.0000	0.0000	0.0000	0.0165	0.0110	0.0000	24.3500	-945	2911	-1284 
0x50	07:27:53.624	-0.0015	-0.0020	0.9995	0.0000	0.0000	0.0000	0.0165	0.0110	0.0000	24.3500	-944	2912	-1284 
0x50	07:27:53.634	-0.0010	-0.0015	0.9980	0.0000	0.0000	0.0000	0.0165	0.0110	0.0000	24.3500	-944	2912	-1284 
0x50	07:27:53.644	-0.0015	-0.0005	0.9985	0.0000	0.0000	0.0000	0.0165	0.0110	0.0000	24.3500	-944	2912	-1284 
0x50	07:27:53.653	0.0000	0.0010	0.9995	0.0000	0.0000	0.0000	0.0165	0.0110	0.0000	24.3000	-944	2912	-1284 
0x50	07:27:53.664	0.0015	0.0010	0.9995	0.0000	0.0000	0.0000	0.0165	0.0110	0.0000	24.3000	-944	2912	-1284 
0x50	07:27:53.674	0.0029	0.0010	1.0000	0.0000	0.0000	0.0000	0.0165	0.0110	0.0000	24.3500	-944	2912	-1284 
0x50	07:27:53.684	0.0015	-0.0015	0.9995	0.0000	0.0000	0.0000	0.0165	0.0110	0.0000	24.3500	-944	2912	-1283 
0x50	07:27:53.694	0.0015	-0.0034	0.9995	0.0000	0.0000	0.0000	0.0110	0.0055	0.0000	24.3500	-944	2912	-1283 
0x50	07:27:53.704	0.0015	-0.0034	0.9971	0.0000	0.0000	0.0000	0.0110	0.0055	0.0000	24.3500	-944	2912	-1284 
0x50	07:27:53.714	0.0000	-0.0015	0.9980	0.0000	0.0000	0.0000	0.0110	0.0055	0.0000	24.3500	-944	2912	-1284 
0x50	07:27:53.723	-0.0010	0.0000	1.0015	0.0000	0.0000	0.0000	0.0110	0.0055	0.0000	24.3500	-944	2912	-1284 
0x50	07:27:53.734	-0.0015	0.0024	1.0015	0.0000	0.0000	0.0000	0.0110	0.0055	0.0000	24.3500	-944	2912	-1284 
0x50	07:27:53.744	-0.0034	0.0029	1.0000	0.0000	0.0000	0.0000	0.0110	0.0110	0.0000	24.3500	-944	2912	-1284 
0x50	07:27:53.754	-0.0024	0.0054	1.0000	0.0000	0.0000	0.0000	0.0110	0.0110	0.0000	24.3500	-944	2912	-1284 
0x50	07:27:53.764	-0.0024	0.0054	0.9980	0.0000	0.0000	0.0000	0.0165	0.0110	0.0000	24.3500	-944	2912	-1284 
0x50	07:27:53.774	-0.0034	0.0039	1.0039	0.0000	0.0000	0.0000	0.0165	0.0110	0.0000	24.3500	-944	2912	-1284 
0x50	07:27:53.784	-0.0015	0.0039	1.0000	0.0000	0.0000	0.0000	0.0165	0.0110	0.0000	24.3500	-944	2912	-1284 
0x50	07:27:53.794	-0.0024	0.0024	1.0039	0.0000	0.0000	0.0000	0.0165	0.0110	0.0000	24.3500	-944	2912	-1284 
0x50	07:27:53.804	-0.0010	-0.0015	1.0044	0.0000	0.0000	0.0000	0.0165	0.0110	0.0000	24.3500	-944	2912	-1284 
0x50	07:27:53.814	0.0034	-0.0034	0.9971	0.0000	0.0000	0.0000	0.0165	0.0110	0.0000	24.3500	-944	2912	-1283 
0x50	07:27:53.846	0.0034	-0.0049	0.9932	0.0000	0.0000	0.0000	0.0165	0.0110	0.0000	24.3500	-944	2912	-1283 
0x50	07:27:53.846	0.0015	0.0000	1.0054	0.0000	0.0000	0.0000	0.0110	0.0110	0.0000	24.3500	-944	2912	-1282 
0x50	07:27:53.846	0.0000	-0.0020	1.0000	0.0000	0.0000	0.0000	0.0110	0.0110	0.0000	24.3500	-943	2912	-1282 
0x50	07:27:53.854	0.0020	-0.0049	1.0015	0.0000	0.0000	0.0000	0.0110	0.0055	0.0000	24.3500	-943	2913	-1283 
0x50	07:27:53.864	0.0059	-0.0068	0.9971	0.0000	0.0000	0.0000	0.0110	0.0055	0.0000	24.3000	-943	2913	-1283 
0x50	07:27:53.882	0.0049	-0.0078	0.9932	0.0000	0.0000	0.0000	0.0055	0.0055	0.0000	24.3500	-944	2912	-1283 
0x50	07:27:53.884	0.0015	-0.0005	1.0029	0.0000	0.0000	0.0000	0.0055	0.0055	0.0000	24.3500	-944	2912	-1283 
0x50	07:27:53.894	-0.0015	0.0044	1.0000	0.0000	0.0000	0.0000	0.0055	0.0055	0.0000	24.3500	-944	2913	-1283 
0x50	07:27:53.904	-0.0039	0.0088	1.0044	0.0000	0.0000	0.0000	0.0055	0.0055	0.0000	24.3500	-944	2913	-1282 
0x50	07:27:53.914	-0.0054	0.0098	0.9995	0.0000	0.0000	0.0000	0.0110	0.0055	0.0000	24.3500	-944	2912	-1282 
0x50	07:27:53.924	-0.0063	0.0083	0.9995	0.0000	0.0000	0.0000	0.0165	0.0055	0.0000	24.3500	-944	2912	-1281 
0x50	07:27:53.934	-0.0049	0.0029	1.0000	0.0000	0.0000	0.0000	0.0165	0.0110	0.0000	24.3500	-944	2913	-1281 
0x50	07:27:53.944	-0.0054	-0.0015	1.0000	0.0000	0.0000	0.0000	0.0165	0.0110	0.0000	24.3500	-944	2913	-1281 
0x50	07:27:53.954	-0.0049	-0.0034	0.9985	0.0000	0.0000	0.0000	0.0110	0.0110	0.0000	24.3500	-944	2912	-1281 
0x50	07:27:53.964	-0.0034	-0.0029	1.0024	0.0000	0.0000	0.0000	0.0110	0.0110	0.0000	24.3500	-944	2912	-1282 
0x50	07:27:53.974	-0.0015	-0.0034	1.0000	0.0000	0.0000	0.0000	0.0110	0.0110	0.0000	24.3500	-944	2912	-1282 
0x50	07:27:53.984	0.0005	-0.0020	0.9961	0.0000	0.0000	0.0000	0.0110	0.0110	0.0000	24.3500	-944	2913	-1282 
0x50	07:27:53.994	0.0020	-0.0005	0.9961	0.0000	0.0000	0.0000	0.0110	0.0110	0.0000	24.3000	-944	2912	-1281 
0x50	07:27:54.004	0.0044	0.0000	0.9995	0.0000	0.0000	0.0000	0.0110	0.0110	0.0000	24.3500	-944	2912	-1281 
0x50	07:27:54.014	0.0059	0.0010	1.0010	0.0000	0.0000	0.0000	0.0110	0.0110	0.0000	24.3500	-944	2912	-1281 
0x50	07:27:54.023	0.0059	0.0000	1.0015	0.0000	0.0000	0.0000	0.0110	0.0055	0.0000	24.3500	-944	2912	-1281 
0x50	07:27:54.033	0.0059	0.0000	0.9995	0.0000	0.0000	0.0000	0.0110	0.0055	0.0000	24.3500	-944	2912	-1281 
0x50	07:27:54.043	0.0044	0.0000	0.9995	0.0000	0.0000	0.0000	0.0110	0.0055	0.0000	24.3500	-944	2912	-1280 
0x50	07:27:54.071	0.0000	0.0024	0.9995	0.0000	0.0000	0.0000	0.0110	0.0055	0.0000	24.3500	-944	2911	-1280 
0x50	07:27:54.071	-0.0049	0.0044	1.0024	0.0000	0.0000	0.0000	0.0110	0.0055	0.0000	24.3500	-944	2911	-1280 
0x50	07:27:54.074	-0.0054	0.0024	1.0010	0.0000	0.0000	0.0000	0.0110	0.0055	0.0000	24.3500	-944	2912	-1281 
0x50	07:27:54.084	-0.0039	-0.0005	0.9995	0.0000	0.0000	0.0000	0.0110	0.0055	0.0000	24.3500	-944	2912	-1281 
0x50	07:27:54.094	-0.0034	-0.0020	1.0000	0.0000	0.0000	0.0000	0.0110	0.0110	0.0000	24.3500	-944	2912	-1280 
0x50	07:27:54.104	-0.0024	-0.0034	0.9971	0.0000	0.0000	0.0000	0.0110	0.0110	0.0000	24.3500	-944	2912	-1280 
0x50	07:27:54.114	-0.0024	0.0015	1.0024	0.0000	0.0000	0.0000	0.0110	0.0110	0.0000	24.3500	-944	2912	-1280 
0x50	07:27:54.124	-0.0034	0.0024	1.0010	0.0000	0.0000	0.0000	0.0110	0.0110	0.0000	24.4000	-944	2912	-1281 
0x50	07:27:54.134	-0.0010	0.0044	1.0024	0.0000	0.0000	0.0000	0.0110	0.0110	0.0000	24.3500	-943	2912	-1281 
0x50	07:27:54.144	-0.0010	0.0029	1.0000	0.0000	0.0000	0.0000	0.0110	0.0110	0.0000	24.3500	-944	2912	-1281 
0x50	07:27:54.153	0.0015	0.0000	0.9971	0.0000	0.0000	0.0000	0.0110	0.0110	0.0000	24.3500	-944	2911	-1281 
0x50	07:27:54.164	0.0020	-0.0015	1.0010	0.0000	0.0000	0.0000	0.0110	0.0110	0.0000	24.3500	-944	2912	-1280 
0x50	07:27:54.174	0.0029	-0.0034	1.0015	0.0000	0.0000	0.0000	0.0110	0.0110	0.0000	24.3500	-944	2912	-1280 
0x50	07:27:54.184	0.0020	-0.0020	1.0010	0.0000	0.0000	0.0000	0.0055	0.0055	0.0000	24.3500	-944	2912	-1280 
0x50	07:27:54.194	0.0020	-0.0015	1.0010	0.0000	0.0000	0.0000	0.0055	0.0055	0.0000	24.3500	-945	2911	-1280 
0x50	07:27:54.203	0.0000	0.0000	0.9985	0.0000	0.0000	0.0000	0.0055	0.0055	0.0000	24.3500	-945	2911	-1280 
0x50	07:27:54.214	-0.0010	0.0024	0.9985	0.0000	0.0000	0.0000	0.0055	0.0055	0.0000	24.3500	-944	2911	-1280 
0x50	07:27:54.245	0.0005	0.0024	1.0044	0.0000	0.0000	0.0000	0.0055	0.0055	0.0000	24.3500	-945	2911	-1280 
0x50	07:27:54.245	0.0000	0.0010	1.0015	0.0000	0.0000	0.0000	0.0110	0.0055	0.0000	24.3500	-945	2911	-1280 
0x50	07:27:54.245	0.0015	0.0015	1.0010	0.0000	0.0000	0.0000	0.0110	0.0055	0.0000	24.3500	-944	2912	-1281 
0x50	07:27:54.254	0.0015	-0.0015	0.9980	0.0000	0.0000	0.0000	0.0055	0.0055	0.0000	24.3500	-944	2912	-1281 
0x50	07:27:54.264	0.0005	-0.0005	0.9980	0.0000	0.0000	0.0000	0.0055	0.0055	0.0000	24.3500	-944	2912	-1281 
0x50	07:27:54.273	0.0000	0.0015	1.0015	0.0000	0.0000	0.0000	0.0055	0.0055	0.0000	24.3500	-944	2912	-1280 
0x50	07:27:54.284	-0.0024	0.0024	0.9995	0.0000	0.0000	0.0000	0.0055	0.0055	0.0000	24.3500	-944	2912	-1280 
0x50	07:27:54.294	-0.0034	0.0029	1.0024	0.0000	0.0000	0.0000	0.0110	0.0055	0.0000	24.3500	-944	2912	-1280 
0x50	07:27:54.303	-0.0024	0.0000	0.9985	0.0000	0.0000	0.0000	0.0110	0.0055	0.0000	24.3500	-944	2912	-1280 
0x50	07:27:54.314	-0.0015	-0.0015	0.9985	0.0000	0.0000	0.0000	0.0110	0.0055	0.0000	24.3500	-944	2912	-1280 
0x50	07:27:54.324	-0.0010	-0.0034	0.9980	0.0000	0.0000	0.0000	0.0055	0.0055	0.0000	24.3500	-944	2912	-1280 
0x50	07:27:54.334	-0.0015	-0.0034	1.0010	0.0000	0.0000	0.0000	0.0055	0.0055	0.0000	24.3500	-944	2912	-1280 
0x50	07:27:54.344	-0.0024	-0.0029	1.0015	0.0000	0.0000	0.0000	0.0055	0.0110	0.0000	24.3500	-944	2912	-1280 
0x50	07:27:54.353	-0.0024	0.0000	0.9995	0.0000	0.0000	0.0000	0.0055	0.0110	0.0000	24.3500	-944	2912	-1280 
0x50	07:27:54.363	0.0000	0.0024	0.9985	0.0000	0.0000	0.0000	0.0055	0.0110	0.0000	24.3500	-944	2912	-1280 
0x50	07:27:54.374	0.0015	0.0029	1.0010	0.0000	0.0000	0.0000	0.0055	0.0110	0.0000	24.3500	-944	2912	-1279 
0x50	07:27:54.384	0.0029	0.0044	1.0000	0.0000	0.0000	0.0000	0.0055	0.0055	0.0000	24.3500	-944	2912	-1280 
0x50	07:27:54.394	0.0029	0.0054	1.0029	0.0000	0.0000	0.0000	0.0055	0.0055	0.0000	24.3500	-944	2912	-1280 
0x50	07:27:54.404	0.0020	0.0029	1.0015	0.0000	0.0000	0.0000	0.0110	0.0055	0.0000	24.3500	-944	2912	-1280 
0x50	07:27:54.414	0.0020	0.0015	0.9980	0.0000	0.0000	0.0000	0.0110	0.0055	0.0000	24.3500	-944	2912	-1280 
0x50	07:27:54.423	0.0015	0.0000	1.0024	0.0000	0.0000	0.0000	0.0110	0.0055	0.0000	24.3500	-944	2912	-1280 
0x50	07:27:54.433	0.0000	-0.0015	1.0000	0.0000	0.0000	0.0000	0.0110	0.0055	0.0000	24.3500	-944	2912	-1280 
0x50	07:27:54.444	-0.0010	-0.0029	1.0024	0.0000	0.0000	0.0000	0.0055	0.0055	0.0000	24.3500	-944	2912	-1280 
0x50	07:27:54.470	-0.0024	-0.0049	0.9980	0.0000	0.0000	0.0000	0.0055	0.0055	0.0000	24.3500	-943	2912	-1280 
0x50	07:27:54.470	-0.0015	-0.0034	0.9961	0.0000	0.0000	0.0000	0.0055	0.0055	0.0000	24.3500	-944	2912	-1280 
0x50	07:27:54.475	-0.0015	-0.0020	0.9985	0.0000	0.0000	0.0000	0.0055	0.0055	0.0000	24.3500	-944	2912	-1280 
0x50	07:27:54.483	-0.0024	0.0000	1.0024	0.0000	0.0000	0.0000	0.0055	0.0055	0.0000	24.3500	-943	2912	-1281 
0x50	07:27:54.494	-0.0024	0.0024	0.9985	0.0000	0.0000	0.0000	0.0055	0.0055	0.0000	24.3500	-943	2912	-1280 
0x50	07:27:54.504	-0.0024	0.0044	1.0000	0.0000	0.0000	0.0000	0.0055	0.0055	0.0000	24.3500	-943	2911	-1280 
0x50	07:27:54.513	0.0000	0.0044	0.9995	0.0000	0.0000	0.0000	0.0055	0.0055	0.0000	24.3500	-943	2911	-1280 
0x50	07:27:54.524	0.0005	0.0029	1.0010	0.0000	0.0000	0.0000	0.0055	0.0055	0.0000	24.3500	-943	2911	-1280 
0x50	07:27:54.534	0.0005	0.0010	0.9995	0.0000	0.0000	0.0000	0.0055	0.0055	0.0000	24.3500	-943	2911	-1280 
0x50	07:27:54.543	0.0015	0.0000	1.0024	0.0000	0.0000	0.0000	0.0055	0.0055	0.0000	24.3500	-944	2911	-1280 
0x50	07:27:54.554	0.0005	-0.0015	0.9995	0.0000	0.0000	0.0000	0.0055	0.0055	0.0000	24.3500	-944	2911	-1280 
0x50	07:27:54.564	0.0015	-0.0020	0.9995	0.0000	0.0000	0.0000	0.0055	0.0055	0.0000	24.3500	-944	2911	-1280 
0x50	07:27:54.573	0.0000	-0.0005	0.9985	0.0000	0.0000	0.0000	0.0055	0.0055	0.0000	24.3500	-944	2911	-1280 
0x50	07:27:54.584	-0.0010	-0.0015	0.9980	0.0000	0.0000	0.0000	0.0055	0.0055	0.0000	24.3500	-944	2911	-1279 
0x50	07:27:54.593	0.0000	0.0000	1.0000	0.0000	0.0000	0.0000	0.0055	0.0055	0.0000	24.3500	-944	2911	-1279 
0x50	07:27:54.604	0.0005	-0.0005	0.9985	0.0000	0.0000	0.0000	0.0055	0.0055	0.0000	24.3500	-944	2911	-1279 
0x50	07:27:54.614	0.0020	-0.0005	0.9985	0.0000	0.0000	0.0000	0.0055	0.0055	0.0000	24.3500	-944	2911	-1279 
0x50	07:27:54.644	0.0015	-0.0005	1.0000	0.0000	0.0000	0.0000	0.0055	0.0055	0.0000	24.3500	-944	2911	-1279 
0x50	07:27:54.644	0.0000	0.0000	1.0015	0.0000	0.0000	0.0000	0.0055	0.0055	0.0000	24.3500	-944	2911	-1279 
0x50	07:27:54.644	0.0005	0.0015	1.0010	0.0000	0.0000	0.0000	0.0055	0.0055	0.0000	24.3500	-944	2911	-1279 
0x50	07:27:54.654	-0.0024	0.0015	1.0000	0.0000	0.0000	0.0000	0.0055	0.0055	0.0000	24.3500	-944	2911	-1280 
0x50	07:27:54.664	-0.0015	0.0024	0.9985	0.0000	0.0000	0.0000	0.0055	0.0055	0.0000	24.3500	-944	2912	-1280 
0x50	07:27:54.674	0.0122	-0.0093	1.0015	0.0000	0.0000	0.0000	0.0055	0.0000	0.0000	24.3500	-944	2911	-1280 
0x50	07:27:54.684	-0.0093	0.0054	1.0000	0.0000	0.0000	0.0000	0.0055	0.0055	0.0000	24.3500	-944	2911	-1280 
0x50	07:27:54.694	-0.0039	0.0015	1.0015	0.0000	0.0000	0.0000	0.0055	0.0055	0.0000	24.3500	-944	2911	-1280 
0x50	07:27:54.703	-0.0098	0.0000	0.9854	0.0000	0.0000	0.0000	0.0055	0.0055	0.0000	24.3500	-944	2911	-1280 
0x50	07:27:54.714	0.0049	0.0044	1.0024	2.9907	-4.3945	0.7935	0.0055	0.0055	0.0000	24.3500	-944	2911	-1279 
0x50	07:27:54.724	-0.0039	0.0015	0.9985	1.1597	-0.5493	-0.2441	0.0110	0.0000	0.0000	24.3500	-944	2911	-1279 
0x50	07:27:54.734	-0.0229	0.0605	1.0015	0.4272	-0.0610	-1.2817	0.0220	0.0055	0.0000	24.3500	-944	2911	-1279 
0x50	07:27:54.744	-0.0859	0.1499	1.0010	3.4180	-4.2725	-14.0991	0.0714	0.0275	-0.0165	24.3500	-944	2911	-1279 
0x50	07:27:54.754	-0.0508	0.1128	0.9961	7.0801	-8.9722	-53.1616	0.1208	0.0330	-0.0714	24.3500	-945	2911	-1279 
0x50	07:27:54.764	0.0103	-0.1416	0.9932	2.2583	0.2441	-67.5049	0.0989	0.0330	-0.1538	24.3500	-946	2911	-1280 
0x50	07:27:54.774	0.0557	-0.1333	0.9844	-5.3711	11.5967	-85.9985	0.0439	0.0330	-0.2527	24.3500	-948	2911	-1280 
0x50	07:27:54.784	0.0386	-0.0674	0.9995	8.9722	-13.0615	-103.6377	0.0275	0.0055	-0.3790	24.3500	-951	2910	-1281 
0x50	07:27:54.794	-0.0015	-0.0244	1.0068	-3.4180	10.3760	-90.7593	0.0110	0.0110	-0.4944	24.3500	-954	2909	-1281 
0x50	07:27:54.804	0.0874	0.0459	0.9873	-1.5869	5.6152	-85.2051	0.0165	0.0000	-0.5933	24.3500	-958	2908	-1281 
0x50	07:27:54.814	0.0200	-0.0171	0.9985	0.0610	-0.1221	-27.4048	0.0165	-0.0055	-0.6427	24.3500	-961	2906	-1281 
0x50	07:27:54.824	-0.0137	0.0146	1.0000	-3.1738	6.5308	-6.7749	0.0110	0.0000	-0.6482	24.3500	-965	2905	-1282 
0x50	07:27:54.834	-0.0068	0.0054	0.9995	0.0000	0.2441	-12.4512	0.0165	0.0055	-0.6647	24.3500	-967	2905	-1282 
0x50	07:27:54.844	-0.0015	0.0024	1.0015	0.6714	-0.5493	0.4272	0.0165	0.0055	-0.6702	24.3500	-969	2904	-1281 
0x50	07:27:54.870	-0.0015	0.0029	1.0000	0.1221	-0.7324	1.0376	0.0165	0.0055	-0.6647	24.3500	-971	2903	-1281 
0x50	07:27:54.870	-0.0015	0.0000	0.9956	1.4038	-1.5259	-0.3052	0.0165	0.0055	-0.6647	24.3000	-973	2903	-1281 
0x50	07:27:54.874	0.0015	0.0015	0.9980	0.5493	-2.1973	0.3662	0.0220	0.0000	-0.6647	24.3500	-974	2902	-1281 
0x50	07:27:54.884	-0.0024	0.0010	1.0029	-0.4883	2.4414	0.6104	0.0220	0.0055	-0.6647	24.3500	-975	2902	-1282 
0x50	07:27:54.894	-0.0063	0.0015	0.9980	-0.6104	1.0986	0.0610	0.0220	0.0055	-0.6647	24.3500	-976	2902	-1282 
0x50	07:27:54.904	-0.0054	0.0029	0.9971	0.0000	-0.0610	0.0000	0.0220	0.0110	-0.6647	24.3000	-976	2901	-1282 
0x50	07:27:54.914	-0.0166	0.0161	0.9995	0.9155	0.1221	-0.3052	0.0220	0.0110	-0.6647	24.3500	-977	2901	-1281 
0x50	07:27:54.924	-0.0381	0.0347	1.0015	1.2817	-0.6104	-4.3335	0.0330	0.0220	-0.6702	24.3500	-977	2901	-1281 
0x50	07:27:54.934	0.0386	-0.0439	1.0010	0.6714	0.0610	-16.2964	0.0275	0.0165	-0.6866	24.3500	-978	2901	-1281 
0x50	07:27:54.944	0.0044	-0.0098	1.0010	0.9766	-0.0610	-9.4604	0.0220	0.0110	-0.7031	24.3500	-979	2901	-1281 
0x50	07:27:54.954	0.0049	-0.0078	0.9980	0.9155	-0.2441	0.7324	0.0165	0.0110	-0.7031	24.3500	-979	2901	-1281 
0x50	07:27:54.964	0.0059	-0.0034	1.0010	0.6104	-0.5493	0.6104	0.0165	0.0055	-0.6976	24.3500	-979	2901	-1281 
0x50	07:27:54.974	0.0044	0.0015	0.9961	0.3052	-0.1221	0.6714	0.0165	0.0055	-0.6976	24.3500	-980	2901	-1282 
0x50	07:27:54.984	0.0034	0.0059	0.9980	0.6104	0.2441	0.0610	0.0220	0.0000	-0.6976	24.3500	-980	2900	-1282 
0x50	07:27:54.994	0.0015	0.0073	1.0010	1.7090	-0.1221	0.2441	0.0220	0.0000	-0.6976	24.3500	-980	2900	-1282 
0x50	07:27:55.004	0.0029	0.0059	0.9995	1.8921	-0.7324	-0.3052	0.0275	0.0000	-0.6976	24.3500	-980	2900	-1282 
0x50	07:27:55.014	0.0015	0.0015	1.0010	0.9766	-0.6104	-0.2441	0.0330	0.0000	-0.6976	24.3500	-980	2900	-1282 
0x50	07:27:55.044	0.0015	-0.0005	1.0029	0.4272	-0.4883	-0.0610	0.0330	0.0000	-0.6976	24.3500	-980	2900	-1282 
0x50	07:27:55.044	-0.0024	-0.0020	1.0015	0.5493	-0.3662	-0.1221	0.0330	0.0000	-0.6976	24.4000	-980	2900	-1282 
0x50	07:27:55.044	-0.0049	0.0000	1.0029	-0.3662	-0.4272	0.6714	0.0330	0.0000	-0.6976	24.3500	-980	2900	-1283 
0x50	07:27:55.053	-0.0063	0.0000	0.9995	-0.9155	-0.6104	0.9155	0.0275	0.0000	-0.6976	24.3500	-980	2900	-1283 
0x50	07:27:55.064	-0.0093	0.0029	0.9971	0.2441	-0.2441	0.5493	0.0275	0.0000	-0.6976	24.3500	-980	2900	-1283 
0x50	07:27:55.074	-0.0068	0.0039	1.0015	-0.1221	0.1831	-0.1831	0.0330	0.0055	-0.6976	24.3500	-980	2900	-1282 
0x50	07:27:55.083	-0.0093	0.0000	1.0010	-0.5493	-0.1221	-0.0610	0.0330	0.0055	-0.6976	24.3500	-980	2900	-1282 
0x50	07:27:55.094	-0.0054	-0.0034	1.0000	0.0000	0.7935	4.9438	0.0275	0.0110	-0.6976	24.3500	-980	2900	-1282 
0x50	07:27:55.104	0.0063	-0.0039	1.0024	-0.4883	0.7324	15.0146	0.0275	0.0110	-0.6812	24.3500	-980	2900	-1282 
0x50	07:27:55.114	0.0078	-0.0034	0.9985	-0.1221	0.1221	10.3149	0.0275	0.0055	-0.6647	24.3500	-980	2900	-1281 
0x50	07:27:55.123	0.0044	0.0000	1.0000	-0.3052	-0.0610	3.2959	0.0220	0.0055	-0.6592	24.3500	-980	2900	-1281 
0x50	07:27:55.134	0.0044	0.0039	1.0044	-0.1831	0.0000	0.9766	0.0220	0.0055	-0.6537	24.3500	-979	2900	-1281 
0x50	07:27:55.144	0.0020	0.0059	1.0010	-0.1831	-0.1221	-0.1221	0.0275	0.0000	-0.6537	24.3500	-979	2900	-1281 
0x50	07:27:55.154	0.0005	0.0044	1.0024	-0.6714	0.6714	0.0000	0.0275	0.0000	-0.6537	24.3500	-979	2900	-1281 
0x50	07:27:55.164	0.0029	0.0010	1.0010	-0.6104	0.7324	-0.7324	0.0275	0.0000	-0.6537	24.3500	-979	2900	-1281 
0x50	07:27:55.174	0.0029	-0.0034	1.0015	0.0000	0.9155	-0.1831	0.0220	0.0000	-0.6537	24.3500	-979	2900	-1281 
0x50	07:27:55.184	0.0020	-0.0039	1.0024	-0.9766	0.7324	0.1221	0.0220	0.0000	-0.6537	24.3500	-979	2900	-1281 
0x50	07:27:55.193	-0.0010	0.0000	1.0039	-1.7090	0.3052	0.6714	0.0165	0.0000	-0.6537	24.3500	-979	2900	-1281 
0x50	07:27:55.204	-0.0015	0.0068	1.0000	-2.0142	0.1831	1.5869	0.0165	0.0055	-0.6537	24.4000	-978	2901	-1281 
0x50	07:27:55.215	0.0151	0.0415	1.0010	-1.9531	0.3662	10.1929	0.0275	0.0000	-0.6427	24.3500	-978	2901	-1281 
0x50	07:27:55.224	-0.0283	0.0132	1.0015	-3.2959	0.2441	61.2793	0.0330	0.0055	-0.5878	24.3500	-978	2901	-1281 
0x50	07:27:55.234	-0.0366	0.0542	1.0010	-3.6011	-0.1831	95.3979	0.0385	0.0165	-0.4779	24.3500	-976	2901	-1281 
0x50	07:27:55.244	-0.0156	0.0859	0.9985	-4.8218	-0.6104	104.6143	0.0604	0.0275	-0.3516	24.3500	-973	2902	-1281 
0x50	07:27:55.270	0.0317	0.0630	1.0083	-6.6528	0.7935	146.1182	0.0769	0.0165	-0.1758	24.3500	-970	2903	-1281 
0x50	07:27:55.270	-0.0024	0.0195	1.2305	-12.9395	-18.3105	157.5928	0.0714	0.0000	0.0110	24.3500	-966	2905	-1281 
0x50	07:27:55.274	0.0483	-0.0659	1.1792	-52.1851	-264.0381	118.8354	0.0110	-0.2307	0.1758	24.3500	-961	2907	-1279 
0x50	07:27:55.284	0.0474	-0.1030	1.1216	-169.0063	-514.2822	7.3853	-0.1813	-0.8295	0.2307	24.3500	-959	2910	-1275 
0x50	07:27:55.294	-0.0469	-0.1196	1.2148	-326.9043	-489.3188	-133.9111	-0.5713	-1.4557	0.0934	24.3500	-960	2913	-1267 
0x50	07:27:55.304	-0.0708	-0.1802	1.3154	-365.9668	-210.0830	-145.4468	-1.0602	-1.7963	-0.1044	24.3500	-964	2916	-1256 
0x50	07:27:55.314	-0.0181	-0.1030	1.3276	-352.4170	164.4897	-72.8149	-1.5271	-1.6864	-0.2252	24.3500	-969	2920	-1243 
0x50	07:27:55.324	0.0059	-0.0371	1.2954	-284.5459	383.1787	-40.5273	-1.9116	-1.2524	-0.3021	24.3500	-972	2924	-1231 
0x50	07:27:55.334	0.0078	-0.0366	1.2783	-173.3398	402.0386	-31.3110	-2.1588	-0.7416	-0.3571	24.3500	-973	2927	-1221 
0x50	07:27:55.344	-0.0039	-0.0854	1.2734	-79.0405	325.5615	-27.9541	-2.2906	-0.3021	-0.4175	24.3500	-973	2931	-1215 
0x50	07:27:55.354	0.0093	-0.0029	1.3164	6.4697	137.6953	10.9253	-2.3016	-0.0714	-0.4285	24.3500	-973	2934	-1211 
0x50	07:27:55.363	-0.0054	-0.0078	1.3066	76.2939	177.9785	69.8242	-2.2137	0.1044	-0.3625	24.3500	-971	2936	-1211 
0x50	07:27:55.373	-0.0137	-0.0293	1.2407	81.6650	329.9561	86.5479	-2.0984	0.4889	-0.2692	24.3500	-967	2938	-1214 
0x50	07:27:55.383	-0.0181	-0.0396	1.1895	54.9927	303.1006	55.1758	-2.0215	0.8844	-0.2087	24.4000	-962	2938	-1220 
0x50	07:27:55.393	-0.0039	-0.0430	1.1421	35.4614	239.9902	31.1890	-1.9720	1.2030	-0.1758	24.3500	-957	2939	-1229 
0x50	07:27:55.403	0.0015	-0.0322	1.1006	21.6675	201.2939	28.3813	-1.9391	1.4557	-0.1538	24.3500	-951	2939	-1238 
0x50	07:27:55.413	0.0117	0.0103	1.0869	19.5313	151.6113	29.2358	-1.9061	1.6479	-0.1208	24.3500	-945	2938	-1248 
0x50	07:27:55.444	0.0107	0.0054	1.1489	53.5889	116.5161	35.3394	-1.8347	1.7908	-0.0824	24.4000	-939	2938	-1259 
0x50	07:27:55.444	-0.0166	-0.0034	1.2065	112.2437	96.3135	39.1235	-1.7029	1.9116	-0.0330	24.3500	-933	2937	-1270 
0x50	07:27:55.444	-0.0229	-0.0029	1.2046	155.8228	111.7554	32.9590	-1.5106	2.0380	0.0000	24.3500	-927	2935	-1284 
0x50	07:27:55.453	-0.0107	-0.0171	1.1460	187.0728	167.8467	55.9692	-1.2799	2.2192	0.0549	24.3500	-921	2933	-1299 
0x50	07:27:55.463	-0.0010	0.0073	1.0835	195.1294	191.4673	74.0967	-1.0272	2.4445	0.1428	24.3500	-914	2931	-1317 
0x50	07:27:55.473	0.0059	0.0400	1.0601	201.3550	151.7944	71.8384	-0.7581	2.6367	0.2362	24.3500	-907	2927	-1335 
0x50	07:27:55.483	-0.0137	0.0542	1.0659	237.7930	82.8857	82.1533	-0.4504	2.7521	0.3406	24.3500	-899	2924	-1353 
0x50	07:27:55.492	-0.0356	0.0527	1.0776	253.4180	23.6206	82.6416	-0.1154	2.7960	0.4449	24.3500	-892	2919	-1373 
0x50	07:27:55.503	-0.0430	0.0273	1.0874	250.0000	-23.0103	73.5474	0.2087	2.7740	0.5383	24.3500	-885	2915	-1393 
0x50	07:27:55.534	-0.0444	0.0288	1.1045	220.1538	-51.8188	63.9038	0.5054	2.7136	0.6207	24.3500	-878	2910	-1414 
0x50	07:27:55.535	-0.0415	0.0391	1.1177	169.2505	-76.5381	57.5562	0.7416	2.6202	0.6921	24.3000	-872	2904	-1433 
0x50	07:27:55.535	-0.0400	0.0732	1.1162	140.8691	-63.0493	35.4614	0.9448	2.5323	0.7471	24.3500	-867	2899	-1452 
0x50	07:27:55.543	-0.0400	0.0747	1.0889	135.6201	-37.1704	15.9912	1.1316	2.4774	0.7690	24.3000	-863	2893	-1469 
0x50	07:27:55.553	-0.0522	0.0728	1.0728	148.6206	-18.7378	14.2212	1.3293	2.4445	0.7855	24.3500	-860	2888	-1486 
0x50	07:27:55.563	-0.0513	0.0439	1.0586	182.3120	13.0615	29.3579	1.5546	2.4554	0.8185	24.3500	-857	2883	-1503 
0x50	07:27:55.573	-0.0586	0.0054	1.0562	202.5757	14.3433	43.6401	1.8018	2.4774	0.8624	24.3500	-854	2877	-1520 
0x50	07:27:55.583	-0.0566	-0.0210	1.0503	201.1108	-21.6675	40.4053	2.0380	2.4664	0.9119	24.3500	-852	2871	-1537 
0x50	07:27:55.593	-0.0552	-0.0308	1.0425	164.7949	-24.1699	21.5454	2.2357	2.4335	0.9338	24.3500	-849	2865	-1554 
0x50	07:27:55.603	-0.0586	-0.0381	1.0376	93.5059	-20.0195	-15.1978	2.3511	2.4115	0.9174	24.3500	-847	2859	-1570 
0x50	07:27:55.613	-0.0581	0.0015	1.0161	26.4282	-37.1704	-36.0718	2.3840	2.3840	0.8679	24.3500	-847	2853	-1584 
0x50	07:27:55.623	-0.0508	0.0547	0.9932	30.0293	-62.6831	-18.0664	2.4115	2.3181	0.8295	24.3500	-847	2847	-1597 
0x50	07:27:55.633	-0.0454	0.0439	0.9653	83.0688	-61.4014	15.3809	2.4994	2.2412	0.8350	24.3500	-848	2842	-1609 
0x50	07:27:55.643	-0.0684	0.0127	0.9468	137.4512	-60.0586	27.6489	2.6477	2.1698	0.8569	24.3500	-848	2837	-1620 
0x50	07:27:55.669	-0.0645	-0.0054	0.9043	202.0264	-54.0161	38.3301	2.8619	2.1094	0.8899	24.3500	-849	2831	-1632 
0x50	07:27:55.669	-0.0586	0.0010	0.8682	257.8735	-26.7334	56.2134	3.1531	2.0764	0.9393	24.3500	-850	2825	-1645 
0x50	07:27:55.672	-0.0522	-0.0229	0.8438	305.7251	-13.9771	75.0122	3.4991	2.0599	1.0162	24.3500	-850	2818	-1660 
0x50	07:27:55.682	-0.0410	-0.0381	0.8096	340.2100	-10.0098	78.1860	3.8782	2.0490	1.1041	24.3500	-849	2811	-1676 
0x50	07:27:55.692	-0.0278	-0.0239	0.7822	332.8247	-21.2402	55.2368	4.2682	2.0215	1.1700	24.3500	-848	2802	-1693 
0x50	07:27:55.703	-0.0200	-0.0215	0.7764	293.1519	-55.2368	25.7568	4.6088	1.9611	1.1975	24.3500	-848	2792	-1711 
0x50	07:27:55.712	-0.0283	-0.0039	0.7793	250.4883	-81.1768	13.4277	4.9054	1.8622	1.1975	24.3500	-848	2782	-1729 
0x50	07:27:55.722	-0.0400	0.0127	0.7646	204.8340	-80.9326	11.5967	5.1471	1.7633	1.1975	24.3500	-849	2772	-1746 
0x50	07:27:55.732	-0.0493	0.0010	0.7734	151.6724	-43.2739	9.3384	5.3229	1.7084	1.1920	24.3500	-850	2762	-1761 
0x50	07:27:55.743	-0.0659	0.0269	0.7764	81.6650	2.1973	-20.3857	5.4272	1.7139	1.1591	24.4000	-851	2753	-1775 
0x50	07:27:55.752	-0.0430	0.0474	0.7310	13.3057	60.2417	-47.9736	5.4492	1.7853	1.0986	24.3500	-853	2745	-1787 
0x50	07:27:55.763	-0.0010	0.0806	0.6445	-33.8745	119.8730	-57.2510	5.4218	1.9226	1.0437	24.3500	-854	2739	-1797 
0x50	07:27:55.772	0.0161	0.0840	0.5557	-72.8149	123.5962	-52.7344	5.3613	2.0654	0.9998	24.3500	-856	2733	-1805 
0x50	07:27:55.782	-0.0024	0.0527	0.5303	-71.1060	72.1436	-20.4468	5.2734	2.1643	0.9778	24.3500	-857	2728	-1811 
0x50	07:27:55.793	-0.0254	0.0371	0.5459	-21.4844	10.9863	33.0811	5.2240	2.1918	0.9998	24.3500	-857	2725	-1816 
0x50	07:27:55.803	-0.0371	0.0410	0.5659	32.8369	-30.7007	92.5293	5.2460	2.1643	1.0822	24.3500	-857	2722	-1820 
0x50	07:27:55.813	-0.0454	0.0571	0.5913	53.4058	-44.4336	122.0703	5.3119	2.1094	1.2140	24.3500	-856	2719	-1824 
0x50	07:27:55.823	-0.0444	0.0869	0.6416	43.8843	-50.5371	125.9155	5.3888	2.0490	1.3568	24.3500	-854	2718	-1828 
0x50	07:27:55.833	-0.0381	0.1177	0.6802	-17.6392	-56.7627	94.7266	5.4218	1.9720	1.4777	24.3500	-852	2716	-1831 
0x50	07:27:55.843	-0.0352	0.1162	0.7246	-108.8257	-72.5708	40.5884	5.3394	1.8896	1.5326	24.3500	-850	2716	-1832 
0x50	07:27:55.853	-0.0264	0.1421	0.7476	-172.0581	-75.0732	3.1738	5.1691	1.7963	1.5326	24.3500	-849	2717	-1831 
0x50	07:27:55.862	-0.0137	0.1943	0.7905	-203.4302	-77.2705	-14.1602	4.9658	1.6974	1.5161	24.3500	-849	2718	-1828 
0x50	07:27:55.873	-0.0068	0.2632	0.8394	-205.3833	-84.3506	-4.5776	4.7791	1.5930	1.5051	24.3500	-849	2720	-1822 
0x50	07:27:55.894	0.0005	0.2817	0.8887	-192.0166	-86.4258	9.7046	4.6143	1.4722	1.5106	24.3500	-850	2724	-1816 
0x50	07:27:55.894	0.0122	0.2964	0.9214	-149.2310	-78.7354	18.6768	4.4879	1.3623	1.5326	24.3500	-851	2728	-1808 
0x50	07:27:55.902	0.0103	0.3140	0.9453	-89.7217	-82.1533	15.5640	4.4440	1.2469	1.5601	24.3500	-853	2732	-1800 
0x50	07:27:55.912	0.0029	0.3413	0.9932	-29.1138	-107.0557	-0.7935	4.4714	1.1151	1.5656	24.3500	-854	2736	-1793 
0x50	07:27:55.923	-0.0015	0.3550	1.0415	43.0908	-117.6147	-8.1787	4.5868	0.9668	1.5491	24.3500	-856	2740	-1787 
0x50	07:27:55.933	-0.0039	0.3706	1.0742	98.8159	-98.4497	-8.3618	4.7845	0.8350	1.5381	24.3500	-858	2743	-1783 
0x50	07:27:55.943	-0.0010	0.3794	1.0801	144.7144	-72.8149	0.9766	5.0317	0.7361	1.5326	24.3500	-859	2744	-1781 
0x50	07:27:55.952	0.0132	0.4121	1.0659	189.6973	-54.6265	16.2964	5.3503	0.6537	1.5546	24.3500	-861	2744	-1781 
0x50	07:27:55.962	0.0254	0.4312	1.0542	216.5527	-40.0391	9.0942	5.7129	0.5933	1.5765	24.3500	-862	2743	-1784 
0x50	07:27:55.973	0.0146	0.4126	1.0503	214.1724	-53.1006	-22.7051	6.0809	0.5219	1.5656	24.3500	-864	2741	-1788 
0x50	07:27:55.983	0.0229	0.4014	1.0386	186.0352	-57.0679	-85.7544	6.4105	0.4559	1.4832	24.3500	-865	2737	-1793 
0x50	07:27:55.993	0.0063	0.3828	1.0361	105.2246	-49.8047	-151.9775	6.6522	0.4065	1.3129	24.3500	-868	2734	-1799 
0x50	07:27:56.002	-0.0083	0.3711	1.0605	27.9541	-28.7476	-174.1943	6.7841	0.3845	1.1041	24.3500	-871	2730	-1805 
0x50	07:27:56.012	-0.0015	0.3408	1.0615	-19.0430	6.2866	-170.3491	6.8390	0.4065	0.9009	24.3500	-876	2726	-1810 
0x50	07:27:56.022	-0.0015	0.3452	1.0225	-65.9180	50.4761	-177.1240	6.8390	0.4834	0.6976	24.3500	-880	2723	-1813 
0x50	07:27:56.032	0.0044	0.3379	0.9800	-129.5776	84.2285	-199.1577	6.7731	0.6042	0.4834	24.3500	-886	2721	-1816 
0x50	07:27:56.043	0.0107	0.3213	0.9570	-181.2744	94.6045	-211.3037	6.6302	0.7416	0.2472	24.3500	-891	2719	-1817 
0x50	07:27:56.070	-0.0078	0.2852	0.9355	-218.3838	69.2749	-202.8198	6.4270	0.8624	0.0165	24.3500	-897	2719	-1817 
0x50	07:27:56.070	-0.0186	0.2954	0.9399	-226.8677	36.8042	-177.5513	6.2073	0.9448	-0.1923	24.3500	-902	2720	-1814 
0x50	07:27:56.073	-0.0039	0.3496	0.9629	-184.0210	29.2358	-151.2451	6.0315	1.0052	-0.3680	24.3500	-907	2722	-1811 
0x50	07:27:56.082	0.0044	0.3755	0.9795	-112.9761	23.9868	-161.9873	5.9546	1.0492	-0.5438	24.3500	-912	2724	-1806 
0x50	07:27:56.092	0.0078	0.3477	0.9614	-46.3867	15.0757	-206.4209	5.9601	1.0876	-0.7635	24.3500	-917	2727	-1803 
0x50	07:27:56.102	-0.0015	0.2852	0.9487	22.0337	0.9766	-242.9199	6.0315	1.1206	-1.0437	24.3500	-923	2728	-1800 
0x50	07:27:56.112	-0.0151	0.2046	0.9121	80.8716	-21.1182	-250.6104	6.1523	1.1316	-1.3403	24.3500	-929	2729	-1799 
0x50	07:27:56.122	-0.0278	0.1245	0.8906	108.0933	-43.6401	-245.8496	6.2952	1.1206	-1.6425	24.3500	-936	2728	-1799 
0x50	07:27:56.132	-0.0508	0.0625	0.8979	91.4307	-72.6929	-240.6006	6.3995	1.0876	-1.9556	24.3500	-943	2727	-1801 
0x50	07:27:56.142	-0.0327	0.0571	0.9038	47.8516	-90.8813	-227.2949	6.4545	1.0162	-2.2467	24.3500	-952	2724	-1804 
0x50	07:27:56.152	-0.0313	0.0845	0.9253	-17.3340	-88.1958	-228.0273	6.4380	0.9448	-2.5378	24.3500	-962	2721	-1807 
0x50	07:27:56.163	-0.0283	0.0513	0.9595	-69.7632	-72.8760	-226.9897	6.3446	0.8844	-2.8290	24.3500	-972	2718	-1808 
0x50	07:27:56.173	-0.0327	0.0161	0.9771	-91.5527	-40.3442	-209.8999	6.2018	0.8569	-3.0981	24.3500	-981	2715	-1809 
0x50	07:27:56.183	-0.0356	0.0425	1.0015	-93.5669	-13.4277	-211.7310	6.0535	0.8679	-3.3563	24.3500	-989	2714	-1809 
0x50	07:27:56.192	-0.0278	0.0518	1.0010	-68.7866	-6.0425	-216.6138	5.9326	0.8899	-3.6200	24.3500	-997	2712	-1808 
0x50	07:27:56.202	-0.0239	0.0562	0.9946	-46.6919	3.0518	-198.4253	5.8502	0.9229	-3.8617	24.3500	-1005	2711	-1808 
0x50	07:27:56.212	-0.0342	0.0073	0.9961	-34.0576	4.5776	-177.0630	5.7733	0.9558	-4.0869	24.3500	-1011	2709	-1808 
0x50	07:27:56.223	-0.0400	-0.0479	0.9971	-7.3242	-4.3945	-151.0620	5.7019	0.9833	-4.2847	24.3500	-1017	2707	-1808 
0x50	07:27:56.233	-0.0396	-0.0425	0.9902	30.1514	-17.7612	-98.9990	5.6744	0.9888	-4.4275	24.3500	-1022	2705	-1809 
0x50	07:27:56.243	-0.0127	-0.0049	0.9844	50.4761	-30.1514	-49.9268	5.6964	0.9613	-4.5044	24.3500	-1025	2702	-1811 
0x50	07:27:56.252	0.0146	0.0288	0.9824	51.6357	-44.0063	-53.7720	5.7294	0.9064	-4.5538	24.3500	-1029	2699	-1813 
0x50	07:27:56.262	0.0093	0.0347	0.9995	40.2222	-60.1196	-100.9521	5.7623	0.8350	-4.6582	24.3500	-1031	2696	-1816 
0x50	07:27:56.272	-0.0098	0.0347	1.0254	21.6064	-66.2231	-123.6572	5.7678	0.7690	-4.8065	24.3500	-1033	2694	-1818 
0x50	07:27:56.295	-0.0137	0.0127	1.0527	14.3433	-51.5747	-105.5298	5.7568	0.7086	-4.9384	24.3500	-1035	2691	-1820 
0x50	07:27:56.295	-0.0229	0.0103	1.0654	-4.3945	-29.2969	-79.4067	5.7294	0.6812	-5.0427	24.3500	-1036	2688	-1822 
0x50	07:27:56.302	-0.0210	0.0571	1.0659	-56.3354	3.9063	-75.0122	5.6525	0.6866	-5.1251	24.3500	-1038	2685	-1824 
0x50	07:27:56.313	-0.0010	0.0503	1.0444	-87.2803	38.3301	-77.6978	5.5371	0.7306	-5.2020	24.3500	-1038	2682	-1825 
0x50	07:27:56.322	-0.0112	0.0176	1.0142	-90.3320	59.0820	-74.4019	5.3943	0.8075	-5.2789	24.3500	-1038	2680	-1826 
0x50	07:27:56.333	0.0103	-0.0112	0.9639	-65.0635	66.0400	-52.7344	5.2679	0.8844	-5.3339	24.3500	-1036	2678	-1826 
0x50	07:27:56.342	0.0117	0.0469	0.9229	-19.6533	59.5093	-28.3203	5.2075	0.9613	-5.3503	24.3500	-1033	2676	-1826 
0x50	07:27:56.353	0.0371	0.1001	0.9282	35.5225	7.0190	-11.4136	5.2350	0.9723	-5.3394	24.3500	-1030	2674	-1827 
0x50	07:27:56.362	0.0176	0.0791	0.9868	97.4121	-68.2373	-28.7476	5.3394	0.9009	-5.3448	24.3500	-1026	2672	-1829 
0x50	07:27:56.372	0.0044	0.0161	1.0371	104.6753	-129.5776	-89.1113	5.4492	0.7526	-5.4327	24.3500	-1024	2668	-1831 
0x50	07:27:56.383	-0.0112	-0.0308	1.0640	69.7021	-123.8403	-125.0610	5.5096	0.6042	-5.5865	24.3500	-1022	2663	-1834 
0x50	07:27:56.392	-0.0181	-0.0127	1.0806	45.2881	-84.7168	-115.9668	5.5261	0.4999	-5.7349	24.3000	-1022	2658	-1836 
0x50	07:27:56.402	-0.0054	0.0132	1.0845	42.4805	-38.3301	-73.1812	5.5481	0.4504	-5.8337	24.3500	-1023	2652	-1839 
0x50	07:27:56.412	0.0181	0.0591	1.0806	48.8281	-4.5776	-33.6304	5.5920	0.4340	-5.8667	24.3500	-1023	2646	-1842 
0x50	07:27:56.423	0.0103	0.0688	1.0771	61.0962	-1.2817	-2.7466	5.6470	0.4285	-5.8557	24.3500	-1022	2641	-1845 
0x50	07:27:56.432	0.0190	0.0425	1.0684	108.2153	-1.8311	54.2603	5.7458	0.4120	-5.7898	24.3500	-1019	2635	-1848 
0x50	07:27:56.442	0.0259	0.0586	1.0791	161.1328	18.7378	101.8066	5.9216	0.4065	-5.6415	24.3500	-1015	2628	-1853 
0x50	07:27:56.469	0.0161	0.0503	1.1099	161.6821	4.6387	80.6274	6.1084	0.4010	-5.5096	24.3500	-1011	2622	-1859 
0x50	07:27:56.469	0.0049	0.0229	1.1162	152.8931	-8.7891	37.5366	6.2732	0.3735	-5.4272	24.3500	-1005	2614	-1865 
0x50	07:27:56.472	-0.0293	0.0171	1.1235	117.9810	9.5825	-31.0669	6.3995	0.3845	-5.4327	24.3500	-1000	2607	-1872 
0x50	07:27:56.482	-0.0444	0.0483	1.1265	95.2759	24.7192	-72.4487	6.4984	0.4340	-5.4987	24.3500	-995	2599	-1879 
0x50	07:27:56.492	-0.0400	0.0532	1.0928	124.2676	66.7114	-60.4248	6.6138	0.5164	-5.5646	24.3500	-990	2591	-1885 
0x50	07:27:56.502	-0.0156	0.0674	1.0229	139.5874	114.0747	-36.0718	6.7676	0.6537	-5.5811	24.3500	-985	2582	-1892 
0x50	07:27:56.512	0.0029	0.0342	0.9727	127.7466	120.6055	-24.7192	6.9104	0.8075	-5.5811	24.3500	-981	2573	-1900 
0x50	07:27:56.522	0.0225	-0.0171	0.9541	93.5669	79.6509	-29.2358	6.9928	0.9119	-5.5811	24.3500	-977	2564	-1908 
0x50	07:27:56.532	0.0327	-0.0493	0.9756	43.6401	22.8882	-48.8892	7.0093	0.9503	-5.6085	24.3000	-973	2555	-1915 
0x50	07:27:56.542	0.0273	-0.0757	1.0112	-16.6626	-50.4761	-91.1255	6.9379	0.9064	-5.6964	24.3500	-971	2546	-1920 
0x50	07:27:56.552	-0.0269	-0.1455	1.0928	-45.5933	-96.4355	-136.9629	6.8005	0.8130	-5.8667	24.3500	-970	2538	-1924 
0x50	07:27:56.562	-0.0640	-0.1919	1.1177	-17.0288	-71.1670	-122.4976	6.6687	0.7416	-6.0535	24.3500	-970	2530	-1927 
0x50	07:27:56.572	-0.0693	-0.1631	1.0815	7.8125	3.1128	-84.5337	6.5808	0.7581	-6.1853	24.3500	-972	2523	-1929 
0x50	07:27:56.582	-0.0454	-0.1602	1.0283	-33.3862	60.2417	-86.1206	6.4655	0.8405	-6.2897	24.3500	-973	2516	-1931 
0x50	07:27:56.592	-0.0313	-0.1284	0.9912	-88.5620	62.8662	-97.0459	6.2842	0.9448	-6.4050	24.3500	-975	2510	-1931 
0x50	07:27:56.602	-0.0093	-0.1167	0.9712	-110.8398	40.8936	-102.7832	6.0699	1.0162	-6.5204	24.3500	-976	2505	-1930 
0x50	07:27:56.612	-0.0098	-0.1299	0.9585	-125.0610	25.8179	-93.5059	5.8337	1.0602	-6.6357	24.3500	-979	2500	-1929 
0x50	07:27:56.622	-0.0239	-0.1328	0.9429	-134.9487	21.3623	-70.1904	5.5811	1.0931	-6.7291	24.3500	-982	2497	-1926 
0x50	07:27:56.635	-0.0181	-0.1318	0.9043	-114.3188	39.6118	-38.8184	5.3503	1.1426	-6.7896	24.3500	-984	2494	-1922 
0x50	07:27:56.644	-0.0049	-0.1270	0.8843	-107.4219	48.3398	-29.7852	5.1361	1.2030	-6.8170	24.3500	-985	2493	-1918 
0x50	07:27:56.659	-0.0015	-0.1138	0.8823	-120.3003	18.9209	-33.2642	4.9109	1.2360	-6.8555	24.3500	-986	2491	-1913 
0x50	07:27:56.672	0.0146	-0.0854	0.8794	-82.5195	-13.3057	-3.7842	4.7241	1.2140	-6.8610	24.3500	-986	2491	-1908 
0x50	07:27:56.737	0.0210	-0.0684	0.8911	-25.8789	-42.7246	35.7056	4.6198	1.1536	-6.8115	24.3500	-986	2490	-1903 
0x50	07:27:56.737	0.0132	-0.0581	0.9316	6.7139	-77.2705	50.8423	4.5703	1.0492	-6.7456	24.3500	-987	2490	-1899 
0x50	07:27:56.737	0.0044	-0.0386	0.9746	39.5508	-88.6841	58.0444	4.5703	0.9229	-6.6687	24.3500	-987	2490	-1895 
0x50	07:27:56.737	-0.0078	-0.0493	1.0044	49.8047	-70.3735	50.3540	4.5923	0.8185	-6.5973	24.3500	-987	2489	-1893 
0x50	07:27:56.737	-0.0342	-0.0869	1.0303	25.5127	-21.3623	27.1606	4.5758	0.7745	-6.5533	24.3500	-987	2488	-1891 
0x50	07:27:56.737	-0.0366	-0.0713	0.9995	-31.7383	36.9873	-0.6714	4.5044	0.8130	-6.5479	24.3500	-986	2487	-1889 
0x50	07:27:56.737	-0.0200	-0.0537	0.9326	-109.0088	110.5957	-2.0752	4.3451	0.9283	-6.5369	24.3500	-986	2487	-1886 
0x50	07:27:56.742	0.0029	-0.0200	0.8750	-173.3398	143.0664	1.5259	4.1089	1.0986	-6.5094	24.3500	-984	2487	-1883 
0x50	07:27:56.752	0.0210	0.0127	0.8540	-209.6558	117.7368	-3.9063	3.8342	1.2415	-6.4764	24.3500	-982	2489	-1879 
0x50	07:27:56.762	0.0347	0.0605	0.8667	-214.9658	59.2041	-6.2256	3.5651	1.3129	-6.4490	24.3500	-979	2492	-1874 
0x50	07:27:56.772	0.0391	0.0991	0.9185	-187.3169	-5.8594	-8.4229	3.3344	1.3019	-6.4270	24.3500	-977	2496	-1868 
0x50	07:27:56.782	0.0317	0.1260	0.9717	-123.2300	-40.7715	2.0142	3.1805	1.2415	-6.3940	24.3500	-975	2500	-1861 
0x50	07:27:56.792	0.0093	0.1206	0.9956	-50.1709	-32.6538	8.3618	3.1201	1.1810	-6.3556	24.3500	-974	2504	-1855 
0x50	07:27:56.802	0.0132	0.1602	0.9795	8.1787	15.6860	-2.3193	3.1476	1.1755	-6.3226	24.3500	-973	2507	-1849 
0x50	07:27:56.812	0.0195	0.0933	0.9351	13.6719	83.7402	-18.9819	3.1915	1.2469	-6.3062	24.3500	-971	2510	-1845 
0x50	07:27:56.822	0.0059	0.0210	0.8853	-10.9863	127.6855	-24.5361	3.1805	1.3843	-6.3007	24.3500	-969	2512	-1842 
0x50	07:27:56.832	-0.0015	0.0142	0.8276	-36.9873	137.4512	-36.4990	3.1256	1.5491	-6.3171	24.3500	-966	2514	-1840 
0x50	07:27:56.843	0.0005	0.0000	0.8081	-55.9082	147.5220	-21.1792	3.0432	1.7194	-6.3171	24.3500	-962	2515	-1838 
0x50	07:27:56.853	-0.0142	0.0103	0.8149	-87.8906	138.4277	-27.8320	2.9333	1.8951	-6.3171	24.3500	-958	2517	-1836 
0x50	07:27:56.862	-0.0215	0.0186	0.8340	-119.6899	102.3560	-43.3350	2.7795	2.0325	-6.3446	24.3500	-954	2518	-1834 
0x50	07:27:56.872	-0.0210	0.0000	0.8247	-131.1646	71.8384	-41.0156	2.6038	2.1259	-6.3776	24.3500	-950	2521	-1830 
0x50	07:27:56.882	-0.0298	0.0083	0.8135	-134.8877	35.7666	-38.1470	2.4170	2.1863	-6.4050	24.3500	-947	2523	-1826 
0x50	07:27:56.913	-0.0371	0.0176	0.7939	-130.6152	9.9487	-32.3486	2.2467	2.2083	-6.4325	24.3500	-944	2526	-1822 
0x50	07:27:56.913	-0.0313	0.0210	0.7778	-111.6943	8.4229	-12.3291	2.0929	2.2192	-6.4380	24.3500	-941	2530	-1817 
0x50	07:27:56.913	-0.0352	0.0229	0.7783	-86.3647	-3.6011	-2.7466	1.9775	2.2192	-6.4270	24.4000	-939	2533	-1811 
0x50	07:27:56.922	-0.0386	0.0010	0.8140	-55.2368	-30.2124	-4.2114	1.8896	2.1918	-6.4160	24.3500	-937	2536	-1806 
0x50	07:27:56.932	-0.0386	-0.0283	0.8540	-28.8696	-22.6440	-3.9673	1.8237	2.1588	-6.4105	24.3500	-934	2540	-1800 
0x50	07:27:56.942	-0.0425	-0.0400	0.9053	-28.7476	-22.0337	-14.5874	1.7633	2.1368	-6.4105	24.3500	-931	2542	-1795 
0x50	07:27:56.952	-0.0298	-0.0029	0.9380	-42.4194	-8.9722	-28.2593	1.6974	2.1204	-6.4270	24.3500	-928	2545	-1790 
0x50	07:27:56.962	0.0005	0.0518	0.9487	-46.2646	36.9263	-32.4097	1.6425	2.1423	-6.4380	24.3500	-926	2547	-1786 
0x50	07:27:56.973	-0.0181	0.0830	0.9551	-65.6128	88.7451	-20.8740	1.5875	2.2302	-6.4380	24.3500	-922	2549	-1781 
0x50	07:27:56.982	-0.0342	0.0762	0.9727	-83.4961	119.9951	-11.3525	1.5051	2.3676	-6.4215	24.3500	-918	2551	-1777 
0x50	07:27:56.992	-0.0654	0.0215	0.9565	-68.6035	120.1172	18.9819	1.4172	2.5269	-6.3831	24.3500	-914	2553	-1772 
0x50	07:27:57.003	0.0088	0.0288	0.8779	-21.1792	28.4424	89.1724	1.3788	2.5763	-6.2622	24.3500	-908	2555	-1767 
0x50	07:27:57.012	-0.0068	-0.0054	0.8853	-5.2490	66.4063	93.9331	1.3788	2.6093	-6.1084	24.3500	-901	2557	-1763 
0x50	07:27:57.022	-0.0278	-0.0752	0.8770	-81.3599	150.2075	57.6172	1.2744	2.7740	-6.0095	24.3500	-893	2559	-1759 
0x50	07:27:57.032	-0.0425	-0.0669	0.9180	-108.2764	108.9478	62.5610	1.1096	2.9224	-5.9216	24.3500	-884	2562	-1755 
0x50	07:27:57.042	-0.0537	-0.0439	0.9438	-82.3364	29.2969	70.6177	0.9778	2.9828	-5.8173	24.3500	-875	2566	-1750 
0x50	07:27:57.052	-0.0381	-0.0313	0.9766	-72.8760	-24.3530	44.3726	0.8734	2.9608	-5.7349	24.3500	-866	2569	-1744 
0x50	07:27:57.062	-0.0444	-0.0171	0.9785	-91.8579	-47.8516	11.8408	0.7526	2.9059	-5.6909	24.3500	-858	2573	-1739 
0x50	07:27:57.088	-0.0210	0.0283	0.9912	-116.2109	-80.7495	-11.8408	0.6152	2.8070	-5.6689	24.3500	-852	2576	-1732 
0x50	07:27:57.088	-0.0327	-0.0078	1.0059	-123.9014	-105.0415	-9.0942	0.4614	2.6807	-5.6580	24.3500	-847	2580	-1725 
0x50	07:27:57.092	-0.0479	-0.0322	1.0044	-117.2485	-156.3110	9.3994	0.2966	2.4994	-5.6360	24.3500	-843	2584	-1716 
0x50	07:27:57.102	-0.0508	0.0015	1.0210	-92.1021	-187.6831	24.9023	0.1703	2.2742	-5.5865	24.3500	-840	2587	-1707 
0x50	07:27:57.111	-0.0415	0.0283	1.0469	-61.8896	-204.8340	54.6265	0.0934	2.0270	-5.5042	24.3500	-837	2591	-1696 
0x50	07:27:57.122	-0.0269	0.0503	1.0820	-12.0850	-186.7676	91.5527	0.0769	1.7853	-5.3668	24.3500	-835	2595	-1686 
0x50	07:27:57.131	-0.0239	0.0532	1.1235	17.5171	-176.4526	109.8633	0.1154	1.5601	-5.2020	24.3500	-832	2598	-1677 
0x50	07:27:57.142	-0.0396	0.0645	1.1865	13.6719	-154.7852	105.6519	0.1538	1.3623	-5.0427	24.3500	-830	2601	-1669 
0x50	07:27:57.151	-0.0464	0.0527	1.2017	26.4893	-125.9766	106.8115	0.1978	1.1975	-4.8834	24.3500	-827	2603	-1661 
0x50	07:27:57.161	-0.0640	0.0127	1.1948	59.6924	-66.6504	119.5679	0.2747	1.1041	-4.7131	24.3500	-823	2605	-1655 
0x50	07:27:57.171	-0.0679	0.0117	1.1587	0.8545	24.4751	68.7866	0.3021	1.1206	-4.5868	24.3500	-819	2607	-1650 
0x50	07:27:57.181	-0.0586	0.0112	1.1021	-93.6890	53.4058	-1.7090	0.2142	1.1920	-4.5483	24.3500	-815	2609	-1644 
0x50	07:27:57.191	-0.0464	0.0112	1.0586	-135.9863	51.1475	-15.9302	0.0549	1.2689	-4.5428	24.3000	-811	2612	-1637 
0x50	07:27:57.201	-0.0508	-0.0098	1.0513	-142.8833	44.8608	15.5640	-0.1208	1.3293	-4.5154	24.3500	-807	2614	-1630 
0x50	07:27:57.211	-0.0601	-0.0137	1.1113	-94.9707	53.6499	81.9702	-0.2582	1.4063	-4.4110	24.3500	-803	2617	-1623 
0x50	07:27:57.221	-0.0815	-0.0112	1.1289	-30.8838	59.8755	165.2832	-0.3131	1.4941	-4.2133	24.3500	-797	2621	-1616 
0x50	07:27:57.231	-0.0679	-0.0039	1.1431	9.4604	89.4775	202.0264	-0.3076	1.6095	-3.9496	24.3500	-791	2624	-1610 
0x50	07:27:57.241	-0.0757	0.0410	1.1318	-0.6714	101.8677	164.4897	-0.2856	1.7468	-3.7079	24.3500	-783	2627	-1606 
0x50	07:27:57.251	-0.0713	0.0469	1.1279	-14.0991	62.8052	112.6099	-0.2802	1.8567	-3.5321	24.3500	-774	2631	-1602 
0x50	07:27:57.261	-0.0752	0.0283	1.1172	-24.2310	28.6255	72.6929	-0.2911	1.9116	-3.4058	24.3500	-765	2633	-1598 
0x50	07:27:57.271	-0.0796	0.0024	1.1030	-43.0908	29.4189	48.7671	-0.3351	1.9556	-3.3234	24.3500	-758	2636	-1594 
0x50	07:27:57.281	-0.0645	0.0039	1.0791	-32.7759	53.6499	60.9131	-0.3735	2.0270	-3.2300	24.3500	-752	2638	-1591 
0x50	07:27:57.312	-0.0610	-0.0083	1.0742	-21.0571	85.9985	79.9561	-0.4010	2.1313	-3.1201	24.3500	-745	2640	-1588 
0x50	07:27:57.312	-0.0708	-0.0039	1.0933	-19.9585	70.6787	86.3647	-0.4175	2.2357	-2.9883	24.3500	-737	2643	-1585 
0x50	07:27:57.312	-0.0679	0.0068	1.0991	-40.1611	45.4712	64.6973	-0.4559	2.3126	-2.8784	24.3500	-730	2645	-1583 
0x50	07:27:57.321	-0.0659	0.0244	1.0869	-94.0552	54.1992	17.4561	-0.5438	2.3785	-2.8180	24.3500	-724	2647	-1580 
0x50	07:27:57.331	-0.0469	0.0400	1.0630	-143.4326	86.3647	-32.0435	-0.6921	2.4774	-2.8180	24.3500	-719	2649	-1576 
0x50	07:27:57.341	-0.0352	0.0376	1.0303	-145.3247	117.1875	-54.0161	-0.8624	2.6147	-2.8564	24.3500	-715	2652	-1571 
0x50	07:27:57.351	-0.0278	-0.0034	1.0190	-112.7319	121.5820	-52.7954	-1.0107	2.7576	-2.8949	24.3500	-711	2654	-1566 
0x50	07:27:57.361	-0.0522	-0.0356	1.0439	-63.6597	107.7271	-39.2456	-1.1096	2.8949	-2.9279	24.3500	-709	2657	-1561 
0x50	07:27:57.371	-0.0615	-0.0425	1.0757	-42.6636	56.0913	-21.4233	-1.1755	2.9828	-2.9388	24.3500	-707	2659	-1556 
0x50	07:27:57.381	-0.0728	-0.0210	1.0957	-38.1470	12.0850	8.1177	-1.2305	3.0157	-2.9169	24.3500	-705	2661	-1553 
0x50	07:27:57.391	-0.0742	-0.0049	1.1060	-18.1274	4.7607	37.9028	-1.2524	3.0267	-2.8510	24.4000	-703	2663	-1549 
0x50	07:27:57.401	-0.0698	0.0127	1.0889	-13.3667	21.7285	46.5088	-1.2524	3.0542	-2.7686	24.3500	-701	2665	-1546 
0x50	07:27:57.412	-0.0723	0.0044	1.0791	-26.1841	52.4292	48.2788	-1.2689	3.1146	-2.6862	24.3500	-700	2667	-1544 
0x50	07:27:57.422	-0.0737	-0.0020	1.0630	-30.6396	64.2700	42.7856	-1.2964	3.1970	-2.6093	24.3500	-697	2668	-1541 
0x50	07:27:57.431	-0.0815	-0.0210	1.0615	-45.2881	51.5137	18.3716	-1.3403	3.2794	-2.5598	24.3500	-695	2669	-1539 
0x50	07:27:57.441	-0.0771	-0.0410	1.0601	-24.7192	12.9395	27.2827	-1.3843	3.3124	-2.5104	24.3500	-692	2671	-1537 
0x50	07:27:57.452	-0.0869	-0.0444	1.0684	9.5215	0.7324	53.7720	-1.3843	3.3234	-2.4335	24.3500	-690	2672	-1535 
0x50	07:27:57.461	-0.0825	0.0132	1.1177	21.6064	-24.2920	67.0166	-1.3513	3.3124	-2.3346	24.3500	-688	2673	-1534 
0x50	07:27:57.486	-0.0552	0.0513	1.1421	92.0410	-61.2793	116.6382	-1.2415	3.2465	-2.1808	24.3500	-686	2674	-1534 
0x50	07:27:57.486	-0.0625	0.0601	1.1357	189.2090	-23.7427	172.3022	-0.9943	3.2025	-1.9446	24.3500	-682	2674	-1535 
0x50	07:27:57.491	-0.0454	0.0513	1.0918	170.7153	24.9634	136.9019	-0.7306	3.2190	-1.7303	24.3500	-678	2674	-1539 
0x50	07:27:57.501	-0.0278	0.0371	1.0391	110.9009	35.3394	77.2095	-0.5548	3.2574	-1.5875	24.3500	-673	2673	-1543 
0x50	07:27:57.512	-0.0156	0.0391	1.0103	83.9844	33.6914	57.3730	-0.4230	3.2904	-1.4832	24.3500	-669	2672	-1548 
0x50	07:27:57.521	-0.0063	0.0239	0.9897	80.8716	-0.2441	56.0303	-0.3021	3.2849	-1.3788	24.3500	-664	2670	-1552 
0x50	07:27:57.532	-0.0239	-0.0513	0.9697	102.4170	-47.0581	84.3506	-0.1868	3.2300	-1.2579	24.3500	-660	2669	-1556 
0x50	07:27:57.541	-0.0127	-0.0439	0.9517	102.5391	-79.5288	103.3325	-0.0659	3.1201	-1.1041	24.3500	-657	2667	-1561 
0x50	07:27:57.551	0.0088	-0.0137	0.9316	77.0874	-122.4976	75.3784	0.0275	2.9663	-0.9723	24.3500	-654	2665	-1565 
0x50	07:27:57.561	0.0063	-0.0122	0.9316	88.3179	-176.4526	58.8989	0.1318	2.7411	-0.8624	24.3500	-651	2664	-1569 
0x50	07:27:57.571	-0.0010	0.0068	0.9385	127.5024	-217.2241	81.2378	0.2802	2.4664	-0.7416	24.3500	-649	2662	-1573 
0x50	07:27:57.581	0.0020	0.0415	0.9502	167.0532	-253.1738	136.4746	0.4944	2.1423	-0.5603	24.3500	-649	2660	-1577 
0x50	07:27:57.591	-0.0024	0.0542	0.9844	198.0591	-258.9111	186.7676	0.7526	1.8073	-0.3131	24.3500	-648	2657	-1582 
0x50	07:27:57.602	-0.0200	0.0625	1.0288	231.6895	-241.9434	225.9521	1.0547	1.4941	-0.0220	24.3500	-646	2654	-1589 
0x50	07:27:57.611	-0.1646	0.0874	1.1787	228.7598	-265.4419	236.3892	1.3678	1.1865	0.2747	24.3500	-644	2651	-1595 
0x50	07:27:57.621	0.0015	0.1104	1.1143	-27.8931	-429.1992	144.1650	1.4502	0.6921	0.5054	24.3500	-642	2648	-1601 
0x50	07:27:57.633	-0.0186	0.0259	0.9868	-65.6738	-51.4526	25.8179	1.3623	0.4724	0.5823	24.3500	-642	2646	-1605 
0x50	07:27:57.641	0.0063	0.0146	0.9756	-18.1885	109.2529	15.1978	1.3293	0.6042	0.6317	24.3500	-641	2644	-1608 
0x50	07:27:57.652	-0.0078	0.0015	0.9795	-55.5420	4.0894	25.6958	1.2689	0.6317	0.6757	24.3500	-640	2644	-1609 
0x50	07:27:57.662	-0.0039	0.0342	0.9956	-80.2612	-57.8613	60.5469	1.1755	0.5768	0.7635	24.3500	-639	2644	-1610 
0x50	07:27:57.671	-0.0151	0.0356	0.9956	-70.7397	-117.9810	68.0542	1.0876	0.4449	0.8679	24.3500	-637	2644	-1609 
0x50	07:27:57.682	-0.0093	0.0239	1.0044	-66.2231	-134.3994	51.8188	1.0107	0.2802	0.9558	24.3500	-636	2645	-1607 
0x50	07:27:57.711	-0.0142	0.0200	0.9873	-65.5518	-127.0752	45.9595	0.9283	0.1208	1.0272	24.3500	-636	2646	-1605 
0x50	07:27:57.711	-0.0322	0.0571	1.0483	-69.8242	-144.8364	56.0303	0.8514	-0.0385	1.1096	24.3500	-636	2647	-1602 
0x50	07:27:57.711	-0.0034	0.0283	0.9897	-88.1348	-33.4473	71.0449	0.7526	-0.1263	1.2140	24.3500	-635	2649	-1599 
0x50	07:27:57.721	-0.0083	0.0313	0.9829	-95.9473	13.6108	82.0313	0.6427	-0.1099	1.3348	24.3500	-634	2652	-1595 
0x50	07:27:57.731	0.0020	0.0186	0.9873	-129.3335	2.5024	95.0317	0.4944	-0.1044	1.4667	24.3500	-632	2654	-1591 
0x50	07:27:57.741	0.0688	0.0103	0.9038	-163.6353	3.2959	103.6377	0.3021	-0.1154	1.6205	24.3000	-630	2658	-1585 
0x50	07:27:57.751	-0.0112	0.0029	1.0098	-235.2295	4.0283	56.8237	0.0439	-0.1154	1.7358	24.3500	-627	2662	-1578 
0x50	07:27:57.761	-0.0107	0.0142	1.0146	-257.8735	2.0142	-7.7515	-0.2911	-0.0989	1.7523	24.3500	-623	2667	-1570 
0x50	07:27:57.771	0.0190	-0.0112	1.0024	-0.2441	-0.9766	46.5088	-0.3625	-0.1099	1.8127	24.3500	-621	2672	-1563 
0x50	07:27:57.781	0.0034	0.0000	1.0000	18.0054	-0.6714	28.6865	-0.3296	-0.1099	1.8787	24.3500	-619	2676	-1557 
0x50	07:27:57.791	0.0044	-0.0020	1.0010	-4.6997	0.5493	5.0049	-0.3296	-0.1099	1.9116	24.3500	-617	2679	-1553 
0x50	07:27:57.801	0.0034	0.0015	0.9985	0.0610	0.1831	4.1504	-0.3296	-0.1099	1.9336	24.3500	-615	2681	-1549 
0x50	07:27:57.811	0.0015	0.0044	1.0015	1.0986	0.0000	2.5635	-0.3296	-0.1099	1.9556	24.3500	-613	2684	-1546 
0x50	07:27:57.821	0.0020	0.0054	1.0000	0.2441	-0.1831	0.2441	-0.3241	-0.1099	1.9775	24.3500	-612	2685	-1544 
0x50	07:27:57.831	-0.0010	0.0059	0.9985	-0.2441	-0.3662	0.7935	-0.3186	-0.1099	1.9995	24.3500	-612	2686	-1541 
0x50	07:27:57.841	-0.0166	0.0098	1.0010	-0.3052	-0.3662	-2.9907	-0.3131	-0.1044	2.0105	24.3500	-611	2688	-1539 
0x50	07:27:57.851	0.0210	0.0044	1.0010	0.1221	-0.4272	-24.2920	-0.3131	-0.1099	2.0105	24.3500	-610	2689	-1538 
0x50	07:27:57.862	-0.0010	0.0088	1.0000	0.0610	-0.1221	-17.5171	-0.3076	-0.1099	2.0050	24.3500	-610	2689	-1537 
0x50	07:27:57.885	0.0029	-0.0034	1.0010	0.2441	-0.3052	8.9722	-0.3076	-0.1099	2.0270	24.3500	-610	2690	-1536 
0x50	07:27:57.885	0.0015	-0.0020	1.0029	-0.4272	-0.9766	18.0054	-0.3076	-0.1099	2.0709	24.3000	-610	2690	-1535 
0x50	07:27:57.891	0.0000	-0.0083	1.0000	-1.4038	-3.6621	10.2539	-0.3076	-0.1154	2.1039	24.3500	-610	2691	-1535 
0x50	07:27:57.901	0.0073	-0.0200	1.0029	-2.9297	-4.1504	15.5640	-0.3131	-0.1208	2.1368	24.4000	-609	2691	-1535 
0x50	07:27:57.911	0.0210	-0.0039	1.0015	-4.2114	-7.6904	32.5928	-0.3186	-0.1318	2.1918	24.3500	-609	2691	-1535 
0x50	07:27:57.921	-0.0093	-0.0063	1.0142	-5.1880	-10.4370	49.3164	-0.3296	-0.1483	2.2687	24.3500	-608	2692	-1535 
0x50	07:27:57.931	-0.0127	0.0015	0.9917	-10.2539	-21.9116	39.4287	-0.3406	-0.1593	2.3401	24.3500	-608	2692	-1534 
0x50	07:27:57.941	-0.0239	0.0010	1.0024	-2.0752	-3.6011	-4.9438	-0.3406	-0.1648	2.3621	24.3500	-607	2693	-1533 
0x50	07:27:57.951	-0.0493	0.0146	0.9971	1.2207	1.8311	-46.0205	-0.3406	-0.1483	2.3236	24.3500	-607	2693	-1532 
0x50	07:27:57.961	-0.1099	0.0259	1.0283	3.1128	4.2725	-123.0469	-0.3241	-0.0934	2.1973	24.3500	-607	2694	-1532 
0x50	07:27:57.971	-0.0063	-0.0283	1.0068	2.9907	-1.4038	-287.1094	-0.3241	-0.0824	1.9006	24.3500	-610	2693	-1531 
0x50	07:27:57.981	0.0229	-0.0171	0.9961	2.5635	-1.9531	-349.9146	-0.3241	-0.0934	1.4996	24.3500	-616	2692	-1531 
0x50	07:27:57.991	0.0527	-0.0005	1.0029	1.6479	-0.9766	-320.9229	-0.3186	-0.1154	1.1151	24.3000	-624	2690	-1531 
0x50	07:27:58.001	0.0483	0.0117	0.9912	1.2817	0.3052	-253.7231	-0.3076	-0.1373	0.8130	24.3500	-634	2688	-1530 
0x50	07:27:58.011	0.0386	-0.0308	1.0039	1.6479	1.8311	-187.8662	-0.3076	-0.1538	0.5878	24.3500	-645	2686	-1530 
0x50	07:27:58.021	0.0298	-0.0112	0.9980	1.5259	1.5259	-177.8564	-0.3021	-0.1648	0.4010	24.3500	-656	2684	-1530 
0x50	07:27:58.031	0.0542	0.0210	0.9980	2.5024	-0.7324	-174.9878	-0.2911	-0.1813	0.2087	24.3500	-666	2681	-1530 
0x50	07:27:58.041	0.0029	0.0127	0.9995	0.5493	-1.2817	-136.0474	-0.2856	-0.1868	0.0494	24.3500	-676	2679	-1530 
0x50	07:27:58.051	-0.0098	0.0054	0.9995	0.3052	0.9155	-107.6660	-0.2802	-0.1813	-0.0604	24.3500	-686	2676	-1530 
0x50	07:27:58.062	0.0029	0.0156	1.0010	0.9766	0.2441	-99.3042	-0.2692	-0.1813	-0.1648	24.3500	-695	2674	-1530 
0x50	07:27:58.071	0.0059	0.0000	0.9980	1.2817	0.1221	-92.7124	-0.2637	-0.1868	-0.2637	24.3500	-703	2672	-1530 
0x50	07:27:58.081	0.0161	0.0054	1.0000	0.6104	0.0000	-80.3223	-0.2637	-0.1868	-0.3406	24.3500	-711	2670	-1530 
0x50	07:27:58.111	0.0073	0.0029	0.9995	1.4648	-0.2441	-71.8994	-0.2582	-0.1923	-0.4120	24.3500	-718	2668	-1530 
0x50	07:27:58.111	-0.0010	0.0112	1.0000	0.6714	0.0000	-58.2275	-0.2472	-0.1923	-0.4724	24.3500	-724	2666	-1530 
0x50	07:27:58.111	-0.0039	0.0088	0.9995	0.4272	0.6714	-45.4712	-0.2417	-0.1868	-0.5109	24.3500	-730	2665	-1531 
0x50	07:27:58.121	0.0005	0.0098	1.0010	0.3662	1.1597	-32.1045	-0.2362	-0.1868	-0.5383	24.3500	-735	2663	-1532 
0x50	07:27:58.131	0.0044	0.0024	1.0000	0.1221	-0.1221	-19.9585	-0.2362	-0.1868	-0.5438	24.3500	-739	2662	-1532 
0x50	07:27:58.141	0.0049	-0.0015	1.0010	0.1831	-0.3662	-15.9912	-0.2307	-0.1868	-0.5493	24.3500	-743	2661	-1531 
0x50	07:27:58.151	0.0049	0.0015	0.9995	-0.2441	0.1221	-15.8081	-0.2307	-0.1868	-0.5493	24.4000	-747	2660	-1531 
0x50	07:27:58.161	0.0020	-0.0049	1.0010	0.0000	-0.0610	-12.4512	-0.2307	-0.1868	-0.5493	24.3500	-750	2659	-1531 
0x50	07:27:58.171	0.0020	0.0039	1.0000	0.1221	-0.1831	-12.8784	-0.2307	-0.1868	-0.5493	24.3500	-752	2658	-1531 
0x50	07:27:58.181	0.0044	-0.0015	1.0029	0.0000	-0.2441	-11.2305	-0.2307	-0.1868	-0.5438	24.3500	-754	2658	-1531 
0x50	07:27:58.191	0.0044	-0.0029	0.9995	0.4883	0.2441	-11.7798	-0.2307	-0.1868	-0.5438	24.3500	-756	2657	-1531 
0x50	07:27:58.201	0.0020	-0.0049	0.9995	1.5869	1.1597	-22.0947	-0.2252	-0.1868	-0.5493	24.3500	-758	2656	-1531 
0x50	07:27:58.211	0.0063	0.0098	1.0010	1.1597	0.5493	-27.4658	-0.2197	-0.1868	-0.5658	24.3500	-759	2656	-1530 
0x50	07:27:58.221	0.0000	-0.0039	0.9980	-0.2441	0.5493	-35.9497	-0.2197	-0.1868	-0.5933	24.3500	-761	2656	-1530 
0x50	07:27:58.231	0.0020	0.0098	1.0015	-0.2441	-0.1221	-30.0293	-0.2142	-0.1868	-0.6207	24.3500	-762	2655	-1530 
0x50	07:27:58.244	0.0034	-0.0039	1.0000	1.4648	2.6245	-28.3203	-0.2142	-0.1813	-0.6372	24.3500	-764	2655	-1530 
0x50	07:27:58.251	0.0107	-0.0034	1.0010	0.2441	0.4272	-26.0620	-0.2142	-0.1813	-0.6537	24.3500	-766	2654	-1530 
0x50	07:27:58.262	0.0132	-0.0034	1.0044	-1.5869	-3.3569	-50.6592	-0.2197	-0.1923	-0.6921	24.3500	-767	2654	-1530 
0x50	07:27:58.285	-0.0166	0.0156	1.0039	-0.3662	-0.6714	-70.2515	-0.2142	-0.1868	-0.7581	24.3500	-769	2653	-1530 
0x50	07:27:58.285	0.0049	-0.0122	1.0010	1.4038	0.0610	-49.8657	-0.2142	-0.1868	-0.8185	24.3500	-771	2652	-1531 
0x50	07:27:58.291	0.0122	0.0088	0.9985	0.1831	-1.6479	-51.6357	-0.2087	-0.1923	-0.8569	24.3500	-774	2651	-1531 
0x50	07:27:58.301	-0.0078	0.0029	1.0015	0.6714	2.2583	-58.8989	-0.2032	-0.1868	-0.9174	24.3500	-776	2651	-1531 
0x50	07:27:58.311	0.0034	-0.0020	0.9995	1.5259	2.8687	-40.1001	-0.2032	-0.1813	-0.9613	24.3500	-779	2650	-1530 
0x50	07:27:58.321	0.0073	0.0015	0.9961	-0.9155	-0.9766	-46.5698	-0.2032	-0.1813	-0.9998	24.3500	-782	2649	-1530 
0x50	07:27:58.331	0.0029	-0.0034	0.9961	-1.2207	-1.2817	-42.7246	-0.2032	-0.1868	-1.0382	24.3500	-785	2648	-1530 
0x50	07:27:58.341	0.0020	0.0010	0.9985	0.3662	1.5259	-41.5039	-0.1978	-0.1813	-1.0767	24.3500	-787	2648	-1530 
0x50	07:27:58.351	0.0059	-0.0039	0.9980	1.0986	1.3428	-45.6543	-0.1978	-0.1813	-1.1151	24.3500	-790	2647	-1530 
0x50	07:27:58.361	0.0005	0.0127	0.9956	-0.7324	-1.4038	-57.1899	-0.1978	-0.1868	-1.1646	24.3500	-793	2646	-1530 
0x50	07:27:58.371	0.0020	0.0029	1.0000	-1.8311	-1.1597	-49.3164	-0.1923	-0.1868	-1.2195	24.3500	-796	2645	-1530 
0x50	07:27:58.381	-0.0063	0.0132	1.0000	-0.1221	-1.1597	-37.9639	-0.1923	-0.1868	-1.2524	24.3500	-799	2645	-1530 
0x50	07:27:58.391	0.0000	0.0029	1.0000	-0.1831	-1.7700	-27.8320	-0.1868	-0.1868	-1.2799	24.3500	-802	2644	-1530 
0x50	07:27:58.401	-0.0010	0.0068	1.0010	-0.1831	0.0000	-12.2070	-0.1868	-0.1813	-1.2854	24.3500	-805	2644	-1529 
0x50	07:27:58.411	0.0029	-0.0015	1.0000	-0.5493	0.1221	-6.2866	-0.1868	-0.1813	-1.2799	24.3500	-806	2643	-1529 
0x50	07:27:58.421	0.0029	-0.0005	1.0010	-0.4883	0.0000	-2.6855	-0.1868	-0.1813	-1.2689	24.3500	-808	2643	-1529 
0x50	07:27:58.431	0.0034	-0.0029	1.0000	0.3052	-0.4272	-3.6011	-0.1868	-0.1813	-1.2579	24.3500	-809	2642	-1529 
0x50	07:27:58.441	0.0020	-0.0039	0.9985	0.0000	-0.1831	-8.6670	-0.1868	-0.1868	-1.2524	24.3500	-811	2642	-1529 
0x50	07:27:58.451	0.0049	-0.0020	0.9985	-0.1831	1.2207	-18.7988	-0.1868	-0.1813	-1.2579	24.3500	-811	2641	-1529 
0x50	07:27:58.461	0.0029	0.0015	1.0000	1.2817	1.9531	-25.6958	-0.1813	-0.1813	-1.2799	24.3500	-813	2641	-1529 
0x50	07:27:58.471	0.0029	-0.0029	1.0010	1.0376	1.8311	-23.3154	-0.1813	-0.1813	-1.2964	24.3500	-814	2640	-1529 
0x50	07:27:58.481	0.0000	0.0098	1.0000	-0.3662	0.0000	-23.1323	-0.1758	-0.1813	-1.3074	24.3500	-815	2640	-1529 
0x50	07:27:58.511	0.0029	0.0039	0.9995	-0.9155	-0.9766	-14.6484	-0.1758	-0.1813	-1.3184	24.3500	-816	2639	-1529 
0x50	07:27:58.511	0.0034	0.0015	0.9995	-0.6104	-0.6104	-3.9673	-0.1758	-0.1813	-1.3129	24.4000	-817	2639	-1529 
0x50	07:27:58.511	0.0020	-0.0005	0.9995	0.1831	-0.4883	-1.7700	-0.1758	-0.1813	-1.3019	24.3500	-818	2639	-1530 
0x50	07:27:58.521	0.0029	0.0010	1.0000	-0.3662	-0.1221	-1.4038	-0.1703	-0.1813	-1.2909	24.3500	-818	2639	-1531 
0x50	07:27:58.531	0.0044	0.0000	0.9995	0.3662	0.1831	-1.4648	-0.1703	-0.1813	-1.2799	24.3500	-819	2639	-1531 
0x50	07:27:58.541	0.0034	0.0010	1.0010	0.3662	-0.7324	-0.7935	-0.1703	-0.1813	-1.2689	24.3500	-819	2639	-1531 
0x50	07:27:58.551	0.0029	0.0010	1.0000	0.0000	-0.2441	-0.8545	-0.1703	-0.1813	-1.2579	24.3500	-819	2639	-1531 
0x50	07:27:58.561	0.0029	0.0010	1.0000	-0.1831	-0.0610	-0.5493	-0.1703	-0.1813	-1.2469	24.3500	-820	2639	-1531 
0x50	07:27:58.571	0.0020	0.0010	0.9995	-0.3662	0.0000	-0.1831	-0.1648	-0.1813	-1.2360	24.3500	-821	2639	-1532 
0x50	07:27:58.581	0.0034	-0.0005	1.0000	-0.2441	0.0610	-0.0610	-0.1648	-0.1813	-1.2195	24.3500	-821	2638	-1532 
0x50	07:27:58.591	0.0015	-0.0015	1.0000	-0.4883	0.0000	-0.5493	-0.1648	-0.1813	-1.2085	24.3500	-821	2639	-1532 
0x50	07:27:58.601	0.0005	-0.0015	0.9995	-0.1221	-0.1221	-0.4883	-0.1648	-0.1813	-1.1975	24.3500	-821	2639	-1532 
0x50	07:27:58.611	0.0020	0.0000	1.0010	0.8545	0.3052	-0.6104	-0.1648	-0.1813	-1.1865	24.3500	-820	2639	-1532 
0x50	07:27:58.621	0.0034	0.0000	1.0000	0.4883	0.0610	-1.0986	-0.1648	-0.1813	-1.1755	24.3500	-820	2639	-1532 
0x50	07:27:58.631	0.0020	0.0010	1.0010	0.0000	0.0000	-0.7324	-0.1648	-0.1813	-1.1646	24.3500	-820	2639	-1532 
0x50	07:27:58.641	0.0029	-0.0029	1.0000	0.4883	-0.7324	-1.1597	-0.1593	-0.1813	-1.1536	24.3500	-819	2638	-1532 
0x50	07:27:58.651	0.0029	-0.0020	1.0015	-0.2441	-1.3428	-5.7983	-0.1648	-0.1868	-1.1481	24.3500	-819	2638	-1532 
0x50	07:27:58.661	0.0078	-0.0020	1.0024	-0.7935	-1.1597	-14.0381	-0.1648	-0.1868	-1.1536	24.3500	-819	2638	-1533 
0x50	07:27:58.671	0.0029	0.0015	0.9995	-1.2817	-1.0376	-19.5313	-0.1648	-0.1868	-1.1646	24.3500	-820	2638	-1534 
0x50	07:27:58.683	0.0020	0.0024	1.0000	0.2441	-0.5493	-17.8223	-0.1593	-0.1868	-1.1755	24.3500	-820	2638	-1534 
0x50	07:27:58.691	0.0020	0.0000	0.9985	-0.0610	-0.4883	-13.1836	-0.1593	-0.1868	-1.1810	24.3500	-820	2638	-1534 
0x50	07:27:58.701	0.0049	-0.0029	0.9985	-0.3052	-0.3052	-6.6528	-0.1593	-0.1868	-1.1810	24.3500	-821	2638	-1535 
0x50	07:27:58.711	0.0015	0.0010	0.9980	0.1831	-0.1831	-5.3711	-0.1593	-0.1868	-1.1755	24.3500	-822	2638	-1535 
0x50	07:27:58.736	0.0029	0.0044	0.9985	1.4648	0.1221	-4.8828	-0.1538	-0.1868	-1.1700	24.3500	-822	2638	-1534 
0x50	07:27:58.736	0.0034	0.0044	1.0015	1.5259	0.0000	-5.0659	-0.1538	-0.1868	-1.1646	24.3500	-823	2638	-1535 
0x50	07:27:58.741	0.0029	0.0044	1.0000	-0.0610	0.3052	-8.3618	-0.1483	-0.1868	-1.1646	24.3500	-824	2637	-1535 
0x50	07:27:58.751	0.0015	0.0083	1.0010	-0.3052	0.3052	-12.6343	-0.1483	-0.1868	-1.1646	24.3500	-825	2637	-1534 
0x50	07:27:58.761	0.0000	0.0010	1.0000	0.1221	-0.6104	-12.3901	-0.1428	-0.1868	-1.1700	24.4000	-825	2637	-1534 
0x50	07:27:58.771	0.0015	-0.0034	1.0010	-0.6104	-0.5493	-4.3945	-0.1483	-0.1868	-1.1700	24.3500	-826	2637	-1534 
0x50	07:27:58.781	0.0034	-0.0039	1.0010	-0.9155	-0.1831	-0.3052	-0.1483	-0.1868	-1.1591	24.3500	-826	2637	-1535 
0x50	07:27:58.791	0.0029	-0.0034	1.0024	-0.0610	-0.1221	-0.0610	-0.1483	-0.1868	-1.1481	24.3500	-826	2636	-1535 
0x50	07:27:58.801	0.0029	-0.0005	1.0015	-0.0610	0.5493	-0.1831	-0.1483	-0.1868	-1.1371	24.4000	-826	2636	-1536 
0x50	07:27:58.811	0.0029	0.0000	1.0015	-0.0610	0.0610	-0.1831	-0.1483	-0.1868	-1.1261	24.3500	-827	2636	-1536 
0x50	07:27:58.821	0.0044	0.0024	1.0000	0.0000	0.2441	-0.6714	-0.1483	-0.1868	-1.1151	24.3500	-827	2636	-1535 
0x50	07:27:58.831	0.0029	0.0000	0.9985	-0.1831	-0.1831	-0.9155	-0.1483	-0.1868	-1.1096	24.3500	-827	2636	-1535 
0x50	07:27:58.840	0.0049	0.0010	1.0000	-0.1221	0.7324	-0.0610	-0.1428	-0.1868	-1.0986	24.3500	-828	2636	-1534 
0x50	07:27:58.850	0.0029	0.0015	1.0010	0.4272	0.3662	-0.7324	-0.1428	-0.1868	-1.0876	24.4000	-828	2636	-1534 
0x50	07:27:58.860	0.0044	0.0015	0.9995	0.2441	-0.0610	-0.9766	-0.1428	-0.1868	-1.0767	24.3500	-828	2636	-1534 
0x50	07:27:58.871	0.0029	0.0015	0.9995	-0.0610	-0.0610	-0.4272	-0.1428	-0.1868	-1.0712	24.3500	-828	2636	-1533 
0x50	07:27:58.880	0.0020	0.0015	0.9985	-0.4272	-0.4272	-0.9155	-0.1373	-0.1868	-1.0602	24.4000	-828	2636	-1533 
0x50	07:27:58.917	0.0015	0.0024	0.9980	0.4883	-0.1831	-1.0986	-0.1373	-0.1868	-1.0492	24.3500	-828	2636	-1534 
0x50	07:27:58.917	0.0020	0.0039	1.0000	-0.0610	0.4272	-0.3052	-0.1373	-0.1868	-1.0437	24.3500	-828	2636	-1534 
0x50	07:27:58.917	-0.0010	0.0029	1.0000	-0.1831	-0.1221	-1.0986	-0.1373	-0.1868	-1.0327	24.3500	-829	2636	-1534 
0x50	07:27:58.920	-0.0010	0.0000	1.0015	0.4272	-0.4883	-1.2207	-0.1318	-0.1813	-1.0272	24.3500	-829	2636	-1534 
0x50	07:27:58.930	0.0020	0.0010	1.0010	-0.3662	-0.6104	-1.4648	-0.1318	-0.1813	-1.0162	24.3500	-829	2636	-1534 
0x50	07:27:58.940	0.0029	-0.0005	1.0015	-0.5493	0.0000	-1.0376	-0.1318	-0.1813	-1.0107	24.3000	-830	2636	-1533 
0x50	07:27:58.950	0.0015	-0.0020	0.9995	-0.4883	0.2441	-0.2441	-0.1318	-0.1813	-0.9998	24.3500	-830	2636	-1533 
0x50	07:27:58.960	0.0020	-0.0015	1.0010	-0.4883	0.0000	-1.2207	-0.1318	-0.1813	-0.9943	24.3500	-830	2636	-1532 
0x50	07:27:58.970	0.0029	-0.0020	1.0015	0.0000	-0.4883	-0.9766	-0.1318	-0.1813	-0.9833	24.3500	-830	2636	-1532 
0x50	07:27:58.980	0.0034	-0.0005	1.0010	0.7324	-0.0610	-0.4883	-0.1318	-0.1813	-0.9778	24.3500	-830	2636	-1532 
0x50	07:27:58.990	0.0029	0.0000	1.0000	0.7324	0.4883	-0.9155	-0.1318	-0.1813	-0.9668	24.3500	-830	2636	-1531 
0x50	07:27:59.000	0.0020	0.0044	1.0000	1.7700	0.3052	-0.7324	-0.1263	-0.1813	-0.9613	24.3500	-830	2636	-1531 
0x50	07:27:59.010	0.0034	0.0068	0.9995	0.0610	-0.6104	0.0610	-0.1263	-0.1813	-0.9503	24.3500	-830	2636	-1531 
0x50	07:27:59.020	0.0029	0.0054	0.9985	-0.2441	-0.2441	-1.0376	-0.1208	-0.1813	-0.9393	24.3500	-830	2636	-1531 
0x50	07:27:59.030	0.0044	0.0029	1.0010	0.1831	-0.0610	-1.5869	-0.1208	-0.1813	-0.9338	24.3500	-831	2636	-1530 
0x50	07:27:59.040	0.0020	0.0010	1.0015	-0.4883	-0.3662	-1.3428	-0.1208	-0.1813	-0.9283	24.3500	-831	2636	-1530 
0x50	07:27:59.050	0.0020	-0.0034	1.0000	-0.9766	-0.5493	-0.7935	-0.1208	-0.1813	-0.9174	24.3500	-831	2636	-1530 
0x50	07:27:59.060	0.0020	-0.0034	1.0015	0.1831	-0.5493	-0.7935	-0.1208	-0.1813	-0.9119	24.3500	-831	2636	-1530 
0x50	07:27:59.070	0.0020	-0.0020	1.0000	0.7324	-0.1221	0.0000	-0.1208	-0.1813	-0.9064	24.3500	-830	2636	-1530 
0x50	07:27:59.082	0.0044	-0.0015	1.0010	0.0000	-0.0610	-0.6714	-0.1208	-0.1868	-0.8954	24.3500	-830	2636	-1530 
0x50	07:27:59.090	0.0059	0.0010	1.0000	0.7935	0.1221	-0.0610	-0.1208	-0.1868	-0.8844	24.3500	-830	2636	-1530 
0x50	07:27:59.100	0.0029	0.0029	0.9995	1.4038	0.1831	0.4272	-0.1154	-0.1868	-0.8789	24.3500	-830	2636	-1530 
0x50	07:27:59.110	0.0059	0.0029	1.0000	0.4272	-0.0610	-0.2441	-0.1154	-0.1868	-0.8679	24.3500	-830	2635	-1530 
0x50	07:27:59.120	0.0029	0.0029	1.0000	0.4883	0.7935	-0.3662	-0.1154	-0.1868	-0.8569	24.3500	-830	2635	-1530 
0x50	07:27:59.145	0.0020	0.0000	1.0010	-0.0610	0.7935	-0.5493	-0.1099	-0.1813	-0.8514	24.3500	-830	2635	-1531 
0x50	07:27:59.145	0.0020	0.0010	1.0015	-0.3052	0.4272	-1.0376	-0.1099	-0.1813	-0.8459	24.3500	-830	2636	-1531 
0x50	07:27:59.150	0.0020	-0.0029	1.0015	-0.3052	0.0000	-0.8545	-0.1154	-0.1813	-0.8350	24.3500	-830	2636	-1532 
0x50	07:27:59.160	0.0015	-0.0020	1.0010	-0.3662	-0.3662	-0.3662	-0.1154	-0.1813	-0.8295	24.3500	-830	2636	-1532 
0x50	07:27:59.170	0.0015	-0.0020	1.0000	0.3052	-0.4272	-0.3662	-0.1154	-0.1813	-0.8240	24.3500	-830	2636	-1532 
0x50	07:27:59.180	-0.0010	0.0010	0.9980	0.1221	-0.3662	0.0000	-0.1154	-0.1813	-0.8130	24.3500	-830	2636	-1532 
0x50	07:27:59.190	-0.0010	0.0010	1.0000	0.1831	0.3662	-0.1221	-0.1099	-0.1813	-0.8075	24.3500	-830	2636	-1532 
0x50	07:27:59.200	0.0000	0.0044	0.9995	0.0000	-0.2441	-0.9155	-0.1099	-0.1813	-0.8020	24.3500	-831	2636	-1532 
0x50	07:27:59.210	0.0005	0.0024	0.9985	0.3052	-0.1221	-1.4038	-0.1099	-0.1758	-0.7910	24.3500	-831	2636	-1531 
0x50	07:27:59.220	0.0015	0.0015	1.0010	0.4883	-0.1831	-1.1597	-0.1044	-0.1758	-0.7855	24.4000	-831	2636	-1531 
0x50	07:27:59.230	0.0034	0.0015	0.9995	-0.2441	-0.3662	-1.2817	-0.1044	-0.1758	-0.7800	24.4000	-831	2636	-1531 
0x50	07:27:59.240	0.0073	-0.0015	0.9980	-0.8545	-0.3662	-0.9766	-0.1044	-0.1813	-0.7745	24.3500	-831	2635	-1530 
0x50	07:27:59.250	0.0063	-0.0005	0.9980	0.1221	0.2441	-0.6714	-0.1044	-0.1813	-0.7635	24.3500	-831	2635	-1530 
0x50	07:27:59.260	0.0059	0.0015	1.0000	-0.0610	0.4883	-0.7324	-0.1044	-0.1813	-0.7581	24.3500	-831	2635	-1530 
0x50	07:27:59.270	0.0059	0.0010	1.0000	-0.0610	0.4883	-0.5493	-0.1044	-0.1813	-0.7526	24.3500	-831	2635	-1530 
0x50	07:27:59.280	0.0034	-0.0020	0.9985	-0.3052	0.6104	-0.2441	-0.1044	-0.1813	-0.7416	24.3500	-831	2635	-1531 
0x50	07:27:59.290	0.0029	-0.0049	1.0010	0.0610	0.4883	-0.3052	-0.1044	-0.1813	-0.7361	24.3500	-831	2635	-1530 
0x50	07:27:59.321	0.0029	-0.0049	1.0024	0.0000	0.5493	-0.9155	-0.1044	-0.1813	-0.7306	24.3500	-831	2635	-1530 
0x50	07:27:59.321	0.0020	-0.0049	1.0000	0.4272	0.1221	-0.3662	-0.1099	-0.1813	-0.7251	24.3500	-831	2635	-1531 
0x50	07:27:59.321	0.0029	-0.0020	1.0000	0.4883	0.0000	-0.1831	-0.1099	-0.1813	-0.7141	24.4000	-831	2635	-1531 
0x50	07:27:59.330	0.0044	-0.0005	1.0000	1.1597	0.6104	-0.7324	-0.1044	-0.1813	-0.7086	24.3500	-831	2636	-1531 
0x50	07:27:59.340	0.0034	0.0029	0.9980	1.0376	0.7935	-1.0986	-0.1044	-0.1758	-0.7031	24.3500	-831	2636	-1532 
0x50	07:27:59.350	0.0015	0.0039	1.0039	0.4883	0.6104	-2.0752	-0.0989	-0.1758	-0.6976	24.3500	-831	2636	-1531 
0x50	07:27:59.360	0.0000	0.0059	1.0000	-0.1221	0.1221	-6.5308	-0.0989	-0.1758	-0.6976	24.3500	-832	2636	-1531 
0x50	07:27:59.370	0.0000	0.0029	0.9980	0.5493	0.0610	-10.0098	-0.0989	-0.1758	-0.7031	24.3500	-832	2636	-1531 
0x50	07:27:59.380	0.0005	0.0024	0.9995	0.6104	0.5493	-8.3008	-0.0934	-0.1758	-0.7031	24.3500	-832	2636	-1530 
0x50	07:27:59.390	-0.0015	0.0024	1.0010	-0.0610	1.4038	-5.5542	-0.0934	-0.1703	-0.7031	24.3500	-833	2635	-1530 
0x50	07:27:59.400	-0.0015	0.0029	1.0024	0.3662	1.0986	-2.4414	-0.0934	-0.1648	-0.7031	24.3500	-833	2635	-1530 
0x50	07:27:59.410	0.0005	0.0024	1.0015	-0.1221	0.1831	-0.6714	-0.0879	-0.1648	-0.6976	24.3500	-833	2635	-1530 
0x50	07:27:59.420	0.0020	-0.0015	0.9985	-0.4272	-0.6104	-0.7324	-0.0879	-0.1648	-0.6921	24.3500	-833	2635	-1530 
0x50	07:27:59.430	0.0034	-0.0034	0.9985	0.6714	-0.3052	-1.2817	-0.0879	-0.1648	-0.6866	24.3500	-834	2635	-1530 
0x50	07:27:59.440	0.0049	-0.0034	1.0000	0.1221	0.3052	-1.7090	-0.0934	-0.1703	-0.6812	24.3500	-834	2635	-1530 
0x50	07:27:59.450	0.0044	-0.0049	1.0029	0.5493	0.5493	-1.2207	-0.0934	-0.1703	-0.6757	24.3500	-834	2635	-1530 
0x50	07:27:59.460	0.0049	-0.0020	1.0015	0.1831	0.4883	-1.5259	-0.0934	-0.1648	-0.6702	24.3500	-834	2634	-1531 
0x50	07:27:59.470	0.0059	0.0029	0.9995	0.6104	0.0000	-1.5869	-0.0879	-0.1703	-0.6647	24.3500	-834	2634	-1531 
0x50	07:27:59.480	0.0049	0.0068	0.9980	0.4272	-0.3052	-0.3052	-0.0879	-0.1703	-0.6592	24.3500	-834	2634	-1530 
0x50	07:27:59.490	0.0059	0.0073	0.9980	0.7324	0.0610	-0.3052	-0.0824	-0.1703	-0.6482	24.3500	-834	2634	-1531 
0x50	07:27:59.500	0.0059	0.0073	1.0010	-0.1221	0.6714	-0.7324	-0.0824	-0.1703	-0.6427	24.3500	-834	2634	-1531 
0x50	07:27:59.510	0.0049	0.0029	1.0000	-0.3662	0.7935	-1.2817	-0.0769	-0.1703	-0.6372	24.3500	-833	2634	-1531 
0x50	07:27:59.520	0.0049	-0.0034	1.0010	-0.0610	0.4272	-2.6855	-0.0769	-0.1703	-0.6317	24.4000	-833	2634	-1531 
0x50	07:27:59.548	0.0034	-0.0063	1.0000	-0.1221	-0.3662	-4.0894	-0.0824	-0.1703	-0.6317	24.3500	-833	2634	-1531 
0x50	07:27:59.548	0.0044	-0.0049	0.9995	0.4272	-0.1221	-5.6152	-0.0824	-0.1703	-0.6317	24.3500	-833	2634	-1532 
0x50	07:27:59.550	0.0029	-0.0034	1.0010	0.7935	0.1221	-6.7749	-0.0824	-0.1703	-0.6317	24.3500	-833	2634	-1533 
0x50	07:27:59.560	0.0000	0.0010	1.0015	0.7324	0.9766	-10.4980	-0.0824	-0.1703	-0.6372	24.3500	-833	2634	-1533 
0x50	07:27:59.570	-0.0024	0.0039	1.0029	0.7324	0.7935	-13.4888	-0.0769	-0.1703	-0.6482	24.3500	-833	2634	-1533 
0x50	07:27:59.580	-0.0024	-0.0005	0.9980	1.1597	1.7700	-14.2822	-0.0769	-0.1648	-0.6592	24.3500	-834	2634	-1533 
0x50	07:27:59.590	-0.0054	-0.0005	0.9985	1.4038	1.2817	-16.3574	-0.0769	-0.1593	-0.6702	24.3500	-835	2633	-1533 
0x50	07:27:59.600	-0.0024	0.0044	1.0000	0.6104	0.6104	-14.8315	-0.0714	-0.1593	-0.6866	24.3500	-835	2634	-1533 
0x50	07:27:59.610	-0.0015	-0.0005	1.0000	1.0376	1.4038	-11.4746	-0.0714	-0.1538	-0.6976	24.3500	-836	2634	-1533 
0x50	07:27:59.620	0.0015	-0.0015	1.0029	0.4272	1.1597	-10.2539	-0.0714	-0.1538	-0.7031	24.4000	-836	2633	-1533 
0x50	07:27:59.630	0.0020	-0.0039	1.0010	0.1221	-0.6104	-18.8599	-0.0714	-0.1538	-0.7141	24.3500	-836	2633	-1533 
0x50	07:27:59.640	0.0034	0.0029	0.9956	-1.0986	-2.3193	-32.5928	-0.0714	-0.1538	-0.7471	24.3500	-837	2633	-1533 
0x50	07:27:59.650	0.0073	0.0044	0.9971	-3.1738	-5.1270	-40.3442	-0.0714	-0.1593	-0.7855	24.3500	-838	2632	-1534 
0x50	07:27:59.660	0.0020	0.0054	1.0015	-0.9766	-0.9155	-40.8325	-0.0769	-0.1648	-0.8295	24.3500	-839	2632	-1534 
0x50	07:27:59.670	0.0034	0.0000	0.9971	2.0142	3.7842	-36.3159	-0.0714	-0.1648	-0.8679	24.3500	-841	2631	-1534 
0x50	07:27:59.680	-0.0015	0.0000	1.0039	0.9766	1.5869	-31.4331	-0.0714	-0.1593	-0.9009	24.4000	-843	2631	-1534 
0x50	07:27:59.690	0.0093	-0.0049	0.9985	0.0610	-0.1221	-21.5454	-0.0714	-0.1593	-0.9229	24.3500	-844	2630	-1534 
0x50	07:27:59.700	0.0122	-0.0063	1.0000	-0.4272	-2.5635	-14.8315	-0.0714	-0.1648	-0.9393	24.3500	-846	2630	-1533 
0x50	07:27:59.721	0.0132	-0.0029	0.9961	1.8311	1.2817	-17.0288	-0.0714	-0.1703	-0.9503	24.3500	-847	2630	-1533 
0x50	07:27:59.721	0.0132	-0.0029	1.0024	2.9907	4.3945	-23.9868	-0.0714	-0.1648	-0.9668	24.3500	-849	2629	-1533 
0x50	07:27:59.730	0.0117	0.0024	0.9961	3.9063	6.5308	-33.9966	-0.0659	-0.1648	-0.9998	24.3500	-850	2629	-1533 
0x50	07:27:59.740	0.0059	0.0029	0.9980	2.0142	3.6011	-48.8281	-0.0604	-0.1593	-1.0492	24.3500	-852	2628	-1533 
0x50	07:27:59.750	0.0063	-0.0005	0.9941	-2.8076	-6.4087	-58.7769	-0.0604	-0.1648	-1.1096	24.3500	-854	2628	-1533 
0x50	07:27:59.760	-0.0039	-0.0034	1.0117	1.7090	3.7842	-61.4014	-0.0604	-0.1648	-1.1810	24.3500	-856	2627	-1533 
0x50	07:27:59.770	0.0005	0.0000	0.9829	0.6714	-0.1221	-64.0259	-0.0604	-0.1593	-1.2524	24.3500	-859	2626	-1533 
0x50	07:27:59.780	-0.0049	0.0024	0.9883	-0.1221	-1.5869	-71.6553	-0.0604	-0.1593	-1.3348	24.3500	-862	2625	-1532 
0x50	07:27:59.790	-0.0171	0.0117	1.0024	0.6104	1.2207	-61.3403	-0.0549	-0.1538	-1.4117	24.4000	-865	2624	-1532 
0x50	07:27:59.800	-0.0156	0.0142	0.9995	-2.0752	-4.0283	-46.6309	-0.0549	-0.1483	-1.4722	24.3500	-868	2624	-1532 
0x50	07:27:59.810	-0.0034	0.0010	0.9971	0.9155	0.8545	-15.1367	-0.0494	-0.1428	-1.4941	24.3500	-870	2622	-1531 
0x50	07:27:59.820	-0.0015	-0.0015	1.0000	0.1221	-0.3052	-0.3052	-0.0494	-0.1428	-1.4886	24.3500	-873	2622	-1532 
0x50	07:27:59.830	0.0015	0.0015	1.0015	0.9155	-0.3662	-1.0376	-0.0494	-0.1428	-1.4832	24.3500	-874	2621	-1532 
0x50	07:27:59.840	0.0049	0.0029	1.0010	0.6714	-0.0610	-0.5493	-0.0439	-0.1428	-1.4777	24.3500	-876	2620	-1531 
0x50	07:27:59.850	0.0073	0.0044	0.9985	-0.2441	-0.9766	-0.3662	-0.0439	-0.1483	-1.4722	24.3500	-877	2620	-1531 
0x50	07:27:59.860	0.0073	0.0054	1.0000	0.0610	-0.6714	-1.1597	-0.0439	-0.1483	-1.4667	24.3500	-879	2619	-1531 
0x50	07:27:59.870	0.0078	0.0039	0.9985	-0.4883	0.1221	-1.0376	-0.0439	-0.1483	-1.4612	24.4000	-880	2619	-1531 
0x50	07:27:59.880	0.0093	0.0010	0.9985	-1.0986	-0.2441	-0.9766	-0.0439	-0.1538	-1.4557	24.3500	-880	2619	-1531 
0x50	07:27:59.890	0.0088	-0.0039	1.0000	-0.9155	-0.7935	-0.7935	-0.0439	-0.1593	-1.4502	24.3500	-881	2619	-1530 
0x50	07:27:59.900	0.0059	-0.0063	1.0010	-0.7935	0.6104	-0.4883	-0.0494	-0.1593	-1.4447	24.3500	-881	2619	-1530 
0x50	07:27:59.910	0.0049	-0.0078	1.0015	-0.1221	0.2441	-0.4272	-0.0494	-0.1593	-1.4392	24.4000	-881	2618	-1530 
0x50	07:27:59.921	0.0029	-0.0039	1.0010	0.6714	-0.1831	0.0000	-0.0494	-0.1593	-1.4337	24.3500	-881	2618	-1530 
0x50	07:27:59.946	0.0000	0.0000	1.0000	0.5493	0.1831	0.1221	-0.0494	-0.1593	-1.4282	24.3500	-881	2618	-1531 
0x50	07:27:59.946	0.0000	0.0029	1.0010	0.1221	0.0000	-0.3052	-0.0494	-0.1593	-1.4282	24.4000	-881	2618	-1531 
0x50	07:27:59.950	0.0000	0.0054	1.0000	0.3052	0.4272	-1.9531	-0.0494	-0.1538	-1.4227	24.4000	-881	2618	-1532 
0x50	07:27:59.960	0.0005	0.0015	0.9995	0.0610	0.4883	-3.2349	-0.0439	-0.1538	-1.4227	24.3500	-882	2618	-1532 
0x50	07:27:59.970	0.0044	-0.0039	0.9971	-0.4272	-0.1831	-8.0566	-0.0494	-0.1538	-1.4227	24.4000	-882	2618	-1531 
0x50	07:27:59.980	0.0049	-0.0083	1.0029	0.6104	0.6104	-18.3105	-0.0494	-0.1538	-1.4392	24.3500	-882	2618	-1531 
0x50	07:27:59.990	0.0122	-0.0156	0.9995	0.4883	0.5493	-37.1704	-0.0549	-0.1538	-1.4722	24.4000	-883	2618	-1531 
0x50	07:28:00.000	-0.0210	0.0269	0.9971	0.0000	0.7935	-61.3403	-0.0494	-0.1483	-1.5381	24.3500	-884	2618	-1531 
0x50	07:28:00.011	0.0015	0.0015	1.0010	-1.3428	-2.6245	-47.1802	-0.0439	-0.1483	-1.5985	24.3500	-886	2617	-1531 
0x50	07:28:00.020	-0.0063	0.0103	1.0015	-1.2207	-2.0752	-25.5737	-0.0439	-0.1538	-1.6315	24.3500	-887	2617	-1532 
0x50	07:28:00.030	0.0044	-0.0039	1.0010	-0.8545	0.1831	-18.1274	-0.0494	-0.1538	-1.6534	24.4000	-888	2616	-1532 
0x50	07:28:00.040	0.0073	-0.0049	1.0000	-1.5869	-2.1973	-14.2212	-0.0494	-0.1538	-1.6644	24.3500	-890	2616	-1532 
0x50	07:28:00.050	0.0088	-0.0054	1.0000	0.0610	-0.9155	-18.7988	-0.0494	-0.1593	-1.6809	24.3500	-891	2615	-1532 
0x50	07:28:00.060	0.0078	-0.0015	1.0015	0.0610	-0.2441	-20.7520	-0.0549	-0.1593	-1.6974	24.3500	-893	2615	-1531 
0x50	07:28:00.070	-0.0010	0.0083	1.0000	0.6714	-0.5493	-20.5078	-0.0494	-0.1593	-1.7194	24.3500	-894	2614	-1531 
0x50	07:28:00.080	0.0059	0.0015	0.9995	-0.1221	0.0000	-9.1553	-0.0494	-0.1648	-1.7303	24.4000	-895	2614	-1530 
0x50	07:28:00.092	0.0059	0.0029	1.0010	0.0000	-0.4272	0.9155	-0.0494	-0.1648	-1.7249	24.3500	-896	2613	-1530 
0x50	07:28:00.121	0.0049	0.0039	0.9985	0.8545	0.2441	0.3052	-0.0439	-0.1648	-1.7194	24.3500	-897	2613	-1530 
0x50	07:28:00.121	0.0015	0.0029	1.0010	0.4883	0.5493	-0.2441	-0.0439	-0.1648	-1.7139	24.3500	-898	2613	-1531 
0x50	07:28:00.121	-0.0010	0.0024	1.0000	-0.3052	0.4883	-0.3052	-0.0439	-0.1593	-1.7084	24.3500	-898	2613	-1532 
0x50	07:28:00.130	-0.0010	0.0000	1.0015	-0.3662	0.0000	0.0000	-0.0439	-0.1593	-1.7084	24.3500	-898	2613	-1533 
0x50	07:28:00.140	-0.0024	0.0000	1.0010	0.0610	-0.4272	-0.1221	-0.0439	-0.1593	-1.7029	24.3500	-898	2613	-1533 
0x50	07:28:00.150	-0.0010	-0.0005	0.9995	-0.0610	-0.0610	-0.4272	-0.0439	-0.1593	-1.6974	24.3500	-899	2612	-1533 
0x50	07:28:00.160	-0.0024	-0.0015	1.0015	0.4272	-0.5493	-0.0610	-0.0439	-0.1593	-1.6974	24.3500	-899	2612	-1532 
0x50	07:28:00.170	0.0000	-0.0015	1.0000	0.3052	-0.8545	-0.4272	-0.0439	-0.1593	-1.6919	24.4000	-899	2612	-1532 
0x50	07:28:00.180	0.0020	-0.0029	1.0015	-0.6104	0.3662	-0.9155	-0.0439	-0.1593	-1.6864	24.3500	-899	2612	-1532 
0x50	07:28:00.190	0.0034	-0.0015	1.0015	0.3662	0.1831	-1.7090	-0.0439	-0.1593	-1.6864	24.3500	-900	2612	-1532 
0x50	07:28:00.200	0.0049	-0.0005	1.0010	0.4272	0.0000	-2.0142	-0.0439	-0.1593	-1.6864	24.3500	-900	2612	-1532 
0x50	07:28:00.210	0.0059	0.0010	0.9995	0.7935	-0.7324	-1.8921	-0.0439	-0.1593	-1.6809	24.3500	-899	2612	-1532 
0x50	07:28:00.220	0.0059	0.0029	1.0010	0.0610	0.0000	-2.3193	-0.0385	-0.1593	-1.6809	24.4000	-900	2612	-1532 
0x50	07:28:00.230	0.0059	0.0029	1.0000	-0.1831	0.3052	-3.2349	-0.0385	-0.1593	-1.6754	24.4000	-900	2611	-1533 
0x50	07:28:00.240	0.0059	-0.0005	1.0010	0.1221	0.4883	-3.5400	-0.0385	-0.1593	-1.6754	24.3500	-900	2611	-1533 
0x50	07:28:00.250	0.0044	-0.0015	1.0000	0.1221	0.1831	-3.7231	-0.0385	-0.1648	-1.6754	24.3500	-900	2612	-1533 
0x50	07:28:00.260	0.0029	-0.0063	1.0000	-0.1221	0.3662	-3.4180	-0.0385	-0.1593	-1.6754	24.4000	-900	2612	-1533 
0x50	07:28:00.270	0.0020	-0.0049	1.0010	-0.4883	-0.3052	-2.4414	-0.0439	-0.1648	-1.6754	24.4000	-900	2612	-1533 
0x50	07:28:00.280	0.0015	-0.0029	1.0000	0.7324	0.6104	-2.1362	-0.0439	-0.1593	-1.6754	24.3500	-900	2612	-1533 
0x50	07:28:00.290	0.0020	0.0010	0.9985	0.7935	-0.1831	-1.3428	-0.0439	-0.1593	-1.6754	24.3500	-901	2612	-1533 
0x50	07:28:00.300	0.0005	0.0029	0.9985	0.0000	-0.0610	-0.8545	-0.0385	-0.1593	-1.6699	24.3500	-901	2612	-1533 
0x50	07:28:00.310	0.0000	0.0054	0.9995	0.6104	-0.1831	-1.1597	-0.0385	-0.1593	-1.6699	24.3500	-901	2612	-1533 
0x50	07:28:00.320	-0.0010	0.0029	0.9985	0.1831	0.6104	-2.1973	-0.0385	-0.1593	-1.6644	24.4000	-902	2612	-1533 
0x50	07:28:00.349	-0.0010	0.0024	1.0000	-0.6104	-0.0610	-2.3804	-0.0385	-0.1593	-1.6644	24.3500	-902	2612	-1533 
0x50	07:28:00.349	0.0005	-0.0020	1.0000	-0.4272	-0.4883	-2.6245	-0.0385	-0.1593	-1.6644	24.4000	-902	2612	-1534 
0x50	07:28:00.350	0.0034	-0.0039	1.0015	-0.7324	-0.1831	-3.4790	-0.0385	-0.1593	-1.6644	24.3500	-901	2612	-1534 
0x50	07:28:00.360	0.0029	-0.0029	0.9995	-0.5493	-0.4883	-6.1035	-0.0385	-0.1593	-1.6699	24.3500	-901	2612	-1534 
0x50	07:28:00.370	0.0044	-0.0029	1.0000	0.0000	0.6104	-4.5776	-0.0385	-0.1593	-1.6699	24.3500	-901	2612	-1533 
0x50	07:28:00.380	0.0005	0.0010	0.9995	-0.4272	0.3052	-5.1880	-0.0385	-0.1538	-1.6754	24.3500	-901	2612	-1533 
0x50	07:28:00.390	0.0044	0.0010	1.0010	-0.3662	0.4272	-3.9673	-0.0439	-0.1538	-1.6754	24.3500	-901	2612	-1534 
0x50	07:28:00.400	0.0044	0.0000	0.9995	-0.1221	0.0000	-3.4180	-0.0439	-0.1538	-1.6754	24.3500	-901	2612	-1534 
0x50	07:28:00.410	0.0078	-0.0034	1.0000	-0.6104	-0.7324	-3.7231	-0.0439	-0.1593	-1.6754	24.3500	-902	2611	-1533 
0x50	07:28:00.420	0.0063	-0.0029	0.9995	0.7935	0.3662	-5.7983	-0.0439	-0.1593	-1.6754	24.3500	-902	2611	-1533 
0x50	07:28:00.430	0.0078	-0.0063	1.0000	1.5869	0.3052	-9.8877	-0.0439	-0.1593	-1.6809	24.3500	-903	2611	-1532 
0x50	07:28:00.440	0.0020	-0.0005	1.0068	1.4648	2.1362	-15.9912	-0.0385	-0.1593	-1.6974	24.3500	-904	2611	-1532 
0x50	07:28:00.450	0.0107	-0.0093	0.9985	-0.3662	-1.1597	-17.7612	-0.0439	-0.1593	-1.7139	24.3500	-904	2611	-1531 
0x50	07:28:00.460	-0.0078	0.0127	1.0010	-0.5493	-2.0142	-29.2358	-0.0385	-0.1593	-1.7413	24.3500	-905	2611	-1531 
0x50	07:28:00.470	0.0063	-0.0063	1.0010	0.1831	-0.7935	-21.2402	-0.0385	-0.1648	-1.7688	24.3500	-906	2611	-1531 
0x50	07:28:00.480	-0.0034	0.0029	1.0010	-0.3052	-0.4883	-13.2446	-0.0385	-0.1648	-1.7853	24.3500	-907	2611	-1531 
0x50	07:28:00.490	-0.0024	0.0010	1.0015	-0.1831	-0.3662	-14.4043	-0.0385	-0.1593	-1.8018	24.3500	-908	2610	-1531 
0x50	07:28:00.500	0.0000	0.0010	0.9985	-0.2441	0.0000	-6.2866	-0.0385	-0.1593	-1.8073	24.3500	-909	2610	-1531 
0x50	07:28:00.525	0.0034	-0.0015	0.9985	0.1221	-0.3052	-5.1270	-0.0385	-0.1593	-1.8073	24.3500	-910	2609	-1532 
0x50	07:28:00.525	0.0044	-0.0020	0.9985	-0.0610	-0.3052	-8.5449	-0.0385	-0.1593	-1.8127	24.3500	-910	2609	-1532 
0x50	07:28:00.532	0.0020	0.0015	0.9995	1.3428	-0.2441	-18.0054	-0.0385	-0.1648	-1.8292	24.3500	-911	2609	-1532 
0x50	07:28:00.540	0.0073	-0.0034	0.9985	0.6714	-1.5259	-22.8271	-0.0385	-0.1648	-1.8512	24.3500	-911	2608	-1533 
0x50	07:28:00.550	0.0078	-0.0054	1.0000	-0.1221	-1.5259	-23.8647	-0.0385	-0.1703	-1.8787	24.3500	-912	2608	-1533 
0x50	07:28:00.560	0.0059	-0.0049	1.0000	0.3662	-0.1831	-33.5693	-0.0439	-0.1703	-1.9116	24.3500	-912	2608	-1533 
0x50	07:28:00.570	-0.0015	0.0024	1.0010	1.0986	1.7090	-37.2925	-0.0385	-0.1648	-1.9556	24.3500	-913	2607	-1533 