StartTime: 2019-08-06 07:18:46.944
address	Time(s)	ax(g)	ay(g)	az(g)	wx(deg/s)	wy(deg/s)	wz(deg/s)	AngleX(deg)	AngleY(deg)	AngleZ(deg)	T(°)	hx	hy	hz 
0x50	07:22:04.713	0.0000	0.0010	0.9985	0.0000	0.0000	0.0000	0.0000	0.0000	0.0000	23.4500	-984	2892	-1280 
0x50	07:22:04.713	-0.0010	-0.0015	1.0010	0.0000	0.0000	0.0000	0.0000	0.0000	0.0000	23.4000	-984	2892	-1280 
0x50	07:22:04.713	-0.0010	-0.0029	0.9980	0.0000	0.0000	0.0000	0.0000	0.0000	0.0000	23.4500	-984	2892	-1280 
0x50	07:22:04.713	-0.0034	-0.0029	1.0015	0.0000	0.0000	0.0000	0.0000	0.0000	0.0000	23.4500	-983	2892	-1280 
0x50	07:22:04.713	0.0015	-0.0005	1.0010	0.0000	0.0000	0.0000	0.0000	0.0000	0.0000	23.4500	-984	2892	-1279 
0x50	07:22:04.713	0.0000	0.0024	0.9985	0.0000	0.0000	0.0000	0.0000	0.0000	0.0000	23.4500	-984	2892	-1279 
0x50	07:22:04.720	-0.0015	0.0044	1.0059	0.0000	0.0000	0.0000	0.0000	0.0000	0.0000	23.4500	-984	2892	-1279 
0x50	07:22:04.729	-0.0024	0.0044	1.0000	0.0000	0.0000	0.0000	0.0000	0.0000	0.0000	23.4500	-984	2892	-1279 
0x50	07:22:04.739	0.0000	0.0039	1.0010	0.0000	0.0000	0.0000	0.0000	0.0000	0.0000	23.4500	-983	2892	-1279 
0x50	07:22:04.749	0.0015	0.0015	1.0015	0.0000	0.0000	0.0000	0.0000	0.0000	0.0000	23.4500	-984	2892	-1279 
0x50	07:22:04.760	0.0029	-0.0015	0.9985	0.0000	0.0000	0.0000	0.0000	0.0000	0.0000	23.4500	-983	2892	-1279 
0x50	07:22:04.781	0.0015	-0.0029	1.0000	0.0000	0.0000	0.0000	0.0000	0.0000	0.0000	23.4500	-983	2892	-1279 
0x50	07:22:04.781	0.0005	-0.0034	1.0015	0.0000	0.0000	0.0000	0.0000	0.0000	0.0000	23.4000	-983	2892	-1279 
0x50	07:22:04.789	0.0000	-0.0020	0.9980	0.0000	0.0000	0.0000	0.0000	0.0000	0.0000	23.4500	-983	2893	-1279 
0x50	07:22:04.799	0.0000	-0.0005	1.0000	0.0000	0.0000	0.0000	0.0000	0.0000	0.0000	23.4000	-983	2893	-1279 
0x50	07:22:04.809	0.0000	0.0010	0.9995	0.0000	0.0000	0.0000	0.0000	0.0000	0.0000	23.4000	-983	2893	-1278 
0x50	07:22:04.819	0.0005	0.0024	0.9985	0.0000	0.0000	0.0000	0.0000	0.0000	0.0000	23.4500	-983	2893	-1278 
0x50	07:22:04.829	-0.0063	0.0098	0.9956	0.0000	0.0000	0.0000	0.0000	0.0000	0.0000	23.4500	-983	2893	-1278 
0x50	07:22:04.840	-0.0034	0.0054	0.9961	0.0000	0.0000	0.0000	0.0000	0.0000	0.0000	23.4000	-983	2892	-1278 
0x50	07:22:04.850	0.0005	0.0015	1.0039	0.0000	0.0000	0.0000	0.0000	0.0000	0.0000	23.4500	-983	2892	-1278 
0x50	07:22:04.860	0.0020	-0.0034	0.9980	0.0000	0.0000	0.0000	0.0000	0.0000	0.0000	23.4000	-983	2892	-1278 
0x50	07:22:04.870	0.0044	-0.0063	1.0024	0.0000	0.0000	0.0000	0.0000	0.0000	0.0000	23.4000	-983	2893	-1277 
0x50	07:22:04.880	0.0049	-0.0068	0.9971	0.0000	0.0000	0.0000	0.0000	0.0000	0.0000	23.4500	-983	2892	-1276 
0x50	07:22:04.889	0.0020	-0.0020	0.9971	0.0000	0.0000	0.0000	0.0000	0.0000	0.0000	23.4500	-982	2892	-1276 
0x50	07:22:04.899	0.0005	0.0010	1.0010	0.0000	0.0000	0.0000	0.0000	0.0000	0.0000	23.4500	-983	2892	-1276 
0x50	07:22:04.910	-0.0010	0.0029	1.0024	0.0000	0.0000	0.0000	0.0000	0.0000	0.0000	23.4500	-983	2892	-1276 
0x50	07:22:04.919	-0.0015	0.0029	1.0000	0.0000	0.0000	0.0000	0.0000	0.0000	0.0000	23.4500	-982	2892	-1276 
0x50	07:22:04.930	-0.0015	0.0010	1.0015	0.0000	0.0000	0.0000	0.0000	0.0000	0.0000	23.4000	-983	2892	-1276 
0x50	07:22:04.940	0.0015	-0.0039	0.9985	0.0000	0.0000	0.0000	0.0000	0.0000	0.0000	23.4500	-983	2892	-1276 
0x50	07:22:04.950	0.0044	-0.0078	0.9961	0.0000	0.0000	0.0000	0.0000	0.0000	0.0000	23.4000	-983	2893	-1276 
0x50	07:22:04.960	0.0034	-0.0054	0.9985	0.0000	0.0000	0.0000	-0.0055	0.0000	0.0000	23.4500	-984	2892	-1276 
0x50	07:22:04.969	-0.0010	-0.0005	1.0029	0.0000	0.0000	0.0000	-0.0055	0.0000	0.0000	23.4500	-984	2893	-1276 
0x50	07:22:04.979	0.0005	0.0029	1.0024	0.0000	0.0000	0.0000	-0.0055	0.0000	0.0000	23.4500	-984	2893	-1276 
0x50	07:22:05.001	-0.0010	0.0044	1.0000	0.0000	0.0000	0.0000	-0.0055	0.0000	0.0000	23.4500	-984	2893	-1276 
0x50	07:22:05.001	0.0000	0.0054	0.9980	0.0000	0.0000	0.0000	0.0000	0.0000	0.0000	23.4500	-984	2892	-1276 
0x50	07:22:05.010	-0.0010	0.0015	1.0000	0.0000	0.0000	0.0000	0.0000	0.0000	0.0000	23.4000	-984	2893	-1276 
0x50	07:22:05.019	-0.0010	-0.0020	1.0024	0.0000	0.0000	0.0000	0.0000	0.0000	0.0000	23.4000	-984	2892	-1277 
0x50	07:22:05.029	0.0015	-0.0034	1.0015	0.0000	0.0000	0.0000	-0.0055	0.0000	0.0000	23.4000	-985	2892	-1277 
0x50	07:22:05.039	0.0000	-0.0039	1.0010	0.0000	0.0000	0.0000	-0.0055	0.0000	0.0000	23.4500	-985	2892	-1277 
0x50	07:22:05.049	0.0005	-0.0034	0.9985	0.0000	0.0000	0.0000	-0.0055	0.0000	0.0000	23.4500	-985	2892	-1277 
0x50	07:22:05.060	0.0005	-0.0005	0.9985	0.0000	0.0000	0.0000	-0.0055	0.0000	0.0000	23.4500	-984	2892	-1277 
0x50	07:22:05.069	-0.0015	0.0010	1.0000	0.0000	0.0000	0.0000	-0.0055	0.0000	0.0000	23.4000	-984	2893	-1277 
0x50	07:22:05.079	0.0005	0.0000	1.0015	0.0000	0.0000	0.0000	-0.0055	0.0000	0.0000	23.4000	-984	2893	-1277 
0x50	07:22:05.089	0.0020	0.0024	1.0015	0.0000	0.0000	0.0000	-0.0055	0.0000	0.0000	23.4000	-983	2893	-1277 
0x50	07:22:05.099	0.0029	0.0024	1.0010	0.0000	0.0000	0.0000	-0.0055	0.0000	0.0000	23.4000	-983	2893	-1277 
0x50	07:22:05.109	0.0015	0.0015	0.9995	0.0000	0.0000	0.0000	-0.0055	0.0000	0.0000	23.4000	-983	2893	-1277 
0x50	07:22:05.119	0.0005	0.0024	1.0000	0.0000	0.0000	0.0000	-0.0055	0.0000	0.0000	23.4500	-984	2892	-1277 
0x50	07:22:05.129	-0.0010	0.0010	1.0000	0.0000	0.0000	0.0000	-0.0055	0.0000	0.0000	23.4500	-984	2893	-1277 
0x50	07:22:05.139	-0.0024	-0.0005	1.0000	0.0000	0.0000	0.0000	-0.0055	0.0000	0.0000	23.4500	-984	2893	-1277 
0x50	07:22:05.149	-0.0010	-0.0029	1.0010	0.0000	0.0000	0.0000	-0.0055	0.0000	0.0000	23.4500	-984	2893	-1277 
0x50	07:22:05.159	0.0005	-0.0039	1.0010	0.0000	0.0000	0.0000	-0.0055	0.0000	0.0000	23.4500	-984	2893	-1277 
0x50	07:22:05.169	0.0000	-0.0039	0.9980	0.0000	0.0000	0.0000	-0.0055	0.0000	0.0000	23.4500	-984	2893	-1277 
0x50	07:22:05.179	0.0029	-0.0015	0.9995	0.0000	0.0000	0.0000	-0.0110	0.0000	0.0000	23.4500	-984	2893	-1277 
0x50	07:22:05.189	0.0005	0.0015	1.0010	0.0000	0.0000	0.0000	-0.0055	0.0000	0.0000	23.4000	-984	2893	-1277 
0x50	07:22:05.199	0.0000	0.0039	1.0024	0.0000	0.0000	0.0000	-0.0055	0.0000	0.0000	23.4000	-984	2893	-1277 
0x50	07:22:05.225	-0.0015	0.0059	1.0015	0.0000	0.0000	0.0000	-0.0055	0.0000	0.0000	23.4500	-984	2893	-1277 
0x50	07:22:05.225	-0.0010	0.0015	1.0010	0.0000	0.0000	0.0000	-0.0055	0.0000	0.0000	23.4000	-984	2893	-1277 
0x50	07:22:05.228	0.0015	0.0000	0.9985	0.0000	0.0000	0.0000	-0.0055	0.0000	0.0000	23.4500	-984	2893	-1277 
0x50	07:22:05.238	0.0034	-0.0034	0.9980	0.0000	0.0000	0.0000	-0.0055	0.0000	0.0000	23.4500	-984	2893	-1277 
0x50	07:22:05.248	0.0029	-0.0039	0.9995	0.0000	0.0000	0.0000	-0.0055	0.0000	0.0000	23.4500	-984	2893	-1276 
0x50	07:22:05.258	0.0000	-0.0029	1.0010	0.0000	0.0000	0.0000	-0.0055	-0.0055	0.0000	23.4500	-984	2893	-1277 
0x50	07:22:05.268	-0.0010	0.0000	0.9995	0.0000	0.0000	0.0000	-0.0055	0.0000	0.0000	23.4500	-984	2893	-1277 
0x50	07:22:05.278	-0.0010	0.0024	0.9995	0.0000	0.0000	0.0000	-0.0055	0.0000	0.0000	23.4500	-984	2893	-1276 
0x50	07:22:05.288	-0.0015	0.0024	0.9980	0.0000	0.0000	0.0000	-0.0055	0.0000	0.0000	23.4000	-984	2893	-1276 
0x50	07:22:05.298	-0.0010	0.0015	1.0015	0.0000	0.0000	0.0000	-0.0055	0.0000	0.0000	23.4500	-984	2893	-1277 
0x50	07:22:05.308	0.0000	-0.0005	1.0010	0.0000	0.0000	0.0000	-0.0055	0.0000	0.0000	23.4000	-984	2893	-1277 
0x50	07:22:05.318	0.0005	-0.0015	1.0015	0.0000	0.0000	0.0000	-0.0055	0.0000	0.0000	23.4500	-984	2892	-1277 
0x50	07:22:05.328	0.0005	-0.0029	0.9995	0.0000	0.0000	0.0000	-0.0055	0.0000	0.0000	23.4500	-984	2893	-1277 
0x50	07:22:05.339	0.0020	-0.0015	0.9995	0.0000	0.0000	0.0000	-0.0055	0.0000	0.0000	23.4500	-983	2893	-1277 
0x50	07:22:05.349	-0.0010	0.0015	1.0000	0.0000	0.0000	0.0000	-0.0055	0.0000	0.0000	23.4500	-984	2893	-1277 
0x50	07:22:05.358	-0.0015	0.0024	1.0024	0.0000	0.0000	0.0000	-0.0055	0.0000	0.0000	23.4000	-984	2893	-1276 
0x50	07:22:05.368	-0.0010	0.0029	1.0010	0.0000	0.0000	0.0000	-0.0055	0.0000	0.0000	23.4500	-983	2893	-1276 
0x50	07:22:05.398	0.0000	0.0015	1.0000	0.0000	0.0000	0.0000	-0.0055	0.0000	0.0000	23.4500	-983	2893	-1276 
0x50	07:22:05.398	0.0005	-0.0005	0.9985	0.0000	0.0000	0.0000	-0.0055	0.0000	0.0000	23.4500	-983	2893	-1276 
0x50	07:22:05.398	0.0005	-0.0015	0.9980	0.0000	0.0000	0.0000	-0.0055	0.0000	0.0000	23.4500	-984	2893	-1277 
0x50	07:22:05.545	0.0005	-0.0020	1.0024	0.0000	0.0000	0.0000	-0.0055	0.0000	0.0000	23.4000	-984	2893	-1277 
0x50	07:22:05.545	0.0000	-0.0020	1.0010	0.0000	0.0000	0.0000	-0.0110	0.0000	0.0000	23.4000	-984	2893	-1277 
0x50	07:22:05.545	0.0020	-0.0005	0.9995	0.0000	0.0000	0.0000	-0.0110	0.0000	0.0000	23.4500	-984	2893	-1276 
0x50	07:22:05.545	0.0005	-0.0005	0.9985	0.0000	0.0000	0.0000	-0.0110	0.0000	0.0000	23.4000	-984	2893	-1276 
0x50	07:22:05.545	0.0015	-0.0005	0.9995	0.0000	0.0000	0.0000	-0.0110	0.0000	0.0000	23.4000	-984	2893	-1276 
0x50	07:22:05.545	0.0029	0.0000	1.0015	0.0000	0.0000	0.0000	-0.0110	-0.0055	0.0000	23.4500	-984	2893	-1277 
0x50	07:22:05.545	0.0015	0.0015	1.0015	0.0000	0.0000	0.0000	-0.0110	-0.0055	0.0000	23.4000	-983	2893	-1277 
0x50	07:22:05.545	-0.0010	0.0029	0.9995	0.0000	0.0000	0.0000	-0.0055	-0.0055	0.0000	23.4000	-983	2893	-1277 
0x50	07:22:05.545	0.0000	0.0015	0.9995	0.0000	0.0000	0.0000	-0.0055	-0.0055	0.0000	23.4500	-984	2892	-1277 
0x50	07:22:05.545	0.0000	0.0000	0.9980	0.0000	0.0000	0.0000	-0.0055	-0.0055	0.0000	23.4000	-984	2892	-1277 
0x50	07:22:05.545	-0.0010	-0.0005	1.0000	0.0000	0.0000	0.0000	-0.0055	-0.0055	0.0000	23.4000	-984	2893	-1276 
0x50	07:22:05.545	-0.0024	-0.0029	1.0010	0.0000	0.0000	0.0000	-0.0110	0.0000	0.0000	23.4500	-984	2893	-1277 
0x50	07:22:05.545	0.0000	-0.0020	1.0000	0.0000	0.0000	0.0000	-0.0110	0.0000	0.0000	23.4500	-984	2893	-1277 
0x50	07:22:05.545	0.0020	-0.0020	0.9995	0.0000	0.0000	0.0000	-0.0110	-0.0055	0.0000	23.4500	-984	2893	-1277 
0x50	07:22:05.548	0.0020	0.0000	0.9995	0.0000	0.0000	0.0000	-0.0110	-0.0055	0.0000	23.4000	-984	2893	-1277 
0x50	07:22:05.558	0.0005	0.0024	1.0015	0.0000	0.0000	0.0000	-0.0110	-0.0055	0.0000	23.4500	-983	2893	-1277 
0x50	07:22:05.568	0.0000	0.0029	1.0015	0.0000	0.0000	0.0000	-0.0110	-0.0055	0.0000	23.4500	-983	2893	-1276 
0x50	07:22:05.578	-0.0015	0.0039	1.0010	0.0000	0.0000	0.0000	-0.0110	-0.0055	0.0000	23.4500	-983	2893	-1276 
0x50	07:22:05.588	0.0005	0.0010	0.9995	0.0000	0.0000	0.0000	-0.0110	0.0000	0.0000	23.4500	-983	2893	-1276 
0x50	07:22:05.616	0.0020	-0.0029	0.9995	0.0000	0.0000	0.0000	-0.0110	-0.0055	0.0000	23.4500	-983	2893	-1277 
0x50	07:22:05.616	0.0015	-0.0015	0.9995	0.0000	0.0000	0.0000	-0.0110	-0.0055	0.0000	23.4500	-983	2893	-1276 
0x50	07:22:05.618	0.0015	-0.0029	1.0000	0.0000	0.0000	0.0000	-0.0110	-0.0055	0.0000	23.4500	-983	2893	-1277 
0x50	07:22:05.628	0.0015	-0.0020	0.9985	0.0000	0.0000	0.0000	-0.0110	-0.0055	0.0000	23.4500	-983	2893	-1277 
0x50	07:22:05.638	-0.0010	-0.0005	1.0000	0.0000	0.0000	0.0000	-0.0110	-0.0055	0.0000	23.4500	-983	2893	-1278 
0x50	07:22:05.648	-0.0010	0.0015	1.0000	0.0000	0.0000	0.0000	-0.0110	-0.0055	0.0000	23.4500	-983	2894	-1278 
0x50	07:22:05.658	-0.0010	0.0015	1.0010	0.0000	0.0000	0.0000	-0.0110	-0.0055	0.0000	23.4500	-983	2893	-1278 
0x50	07:22:05.668	-0.0015	0.0015	1.0000	0.0000	0.0000	0.0000	-0.0110	-0.0055	0.0000	23.4000	-983	2894	-1278 
0x50	07:22:05.678	-0.0010	-0.0005	1.0010	0.0000	0.0000	0.0000	-0.0110	-0.0055	0.0000	23.4500	-982	2893	-1278 
0x50	07:22:05.688	0.0020	-0.0005	0.9995	0.0000	0.0000	0.0000	-0.0110	-0.0055	0.0000	23.4500	-983	2894	-1278 
0x50	07:22:05.698	0.0015	-0.0005	0.9995	0.0000	0.0000	0.0000	-0.0110	-0.0055	0.0000	23.4000	-982	2893	-1278 
0x50	07:22:05.708	0.0005	0.0000	1.0010	0.0000	0.0000	0.0000	-0.0110	-0.0055	0.0000	23.4500	-982	2894	-1277 
0x50	07:22:05.718	0.0005	0.0000	1.0010	0.0000	0.0000	0.0000	-0.0110	-0.0055	0.0000	23.4500	-982	2893	-1278 
0x50	07:22:05.728	0.0005	0.0000	1.0010	0.0000	0.0000	0.0000	-0.0110	-0.0055	0.0000	23.4500	-982	2894	-1278 
0x50	07:22:05.738	0.0015	0.0000	0.9995	0.0000	0.0000	0.0000	-0.0110	-0.0055	0.0000	23.4500	-982	2894	-1278 
0x50	07:22:05.748	0.0005	0.0000	0.9980	0.0000	0.0000	0.0000	-0.0110	-0.0055	0.0000	23.4500	-982	2894	-1278 
0x50	07:22:05.758	0.0000	0.0000	0.9995	0.0000	0.0000	0.0000	-0.0110	-0.0055	0.0000	23.4500	-982	2893	-1278 
0x50	07:22:05.768	0.0000	-0.0005	1.0015	0.0000	0.0000	0.0000	-0.0110	-0.0055	0.0055	23.4500	-982	2893	-1278 
0x50	07:22:05.790	0.0000	-0.0005	0.9985	0.0000	0.0000	0.0000	-0.0110	-0.0055	0.0055	23.4500	-982	2893	-1279 
0x50	07:22:05.790	0.0020	0.0000	0.9995	0.0000	0.0000	0.0000	-0.0110	-0.0055	0.0055	23.4500	-982	2894	-1279 
0x50	07:22:05.798	0.0005	-0.0015	0.9985	0.0000	0.0000	0.0000	-0.0110	-0.0055	0.0055	23.4500	-982	2894	-1279 
0x50	07:22:05.808	0.0020	0.0000	1.0010	0.0000	0.0000	0.0000	-0.0110	-0.0055	0.0055	23.4500	-982	2894	-1279 
0x50	07:22:05.818	0.0015	0.0010	1.0000	0.0000	0.0000	0.0000	-0.0110	-0.0055	0.0055	23.4000	-981	2894	-1279 
0x50	07:22:05.828	0.0020	0.0010	0.9995	0.0000	0.0000	0.0000	-0.0110	-0.0055	0.0055	23.4500	-981	2895	-1279 
0x50	07:22:05.838	0.0015	0.0000	1.0000	0.0000	0.0000	0.0000	-0.0110	-0.0055	0.0055	23.4500	-981	2894	-1279 
0x50	07:22:05.848	0.0005	0.0000	1.0000	0.0000	0.0000	0.0000	-0.0110	-0.0055	0.0055	23.4500	-981	2894	-1279 
0x50	07:22:05.858	-0.0010	0.0000	1.0000	0.0000	0.0000	0.0000	-0.0110	-0.0055	0.0055	23.4500	-981	2894	-1279 
0x50	07:22:05.868	-0.0010	-0.0005	1.0000	0.0000	0.0000	0.0000	-0.0110	-0.0055	0.0055	23.4500	-981	2894	-1278 
0x50	07:22:05.878	0.0005	-0.0015	0.9995	0.0000	0.0000	0.0000	-0.0110	-0.0055	0.0055	23.4500	-981	2895	-1279 
0x50	07:22:05.888	0.0000	-0.0015	1.0010	0.0000	0.0000	0.0000	-0.0165	-0.0055	0.0055	23.4500	-981	2894	-1279 
0x50	07:22:05.898	-0.0010	-0.0020	1.0000	0.0000	0.0000	0.0000	-0.0165	-0.0055	0.0055	23.4500	-981	2894	-1279 
0x50	07:22:05.908	0.0020	-0.0015	1.0010	0.0000	0.0000	0.0000	-0.0165	-0.0055	0.0055	23.4500	-981	2894	-1279 
0x50	07:22:05.918	0.0005	0.0000	1.0000	0.0000	0.0000	0.0000	-0.0165	-0.0055	0.0055	23.4000	-981	2894	-1279 
0x50	07:22:05.928	-0.0015	0.0015	1.0000	0.0000	0.0000	0.0000	-0.0165	-0.0055	0.0055	23.4000	-981	2894	-1278 
0x50	07:22:05.938	0.0005	0.0024	0.9995	0.0000	0.0000	0.0000	-0.0165	-0.0055	0.0110	23.4500	-980	2894	-1278 
0x50	07:22:05.948	0.0015	0.0015	0.9995	0.0000	0.0000	0.0000	-0.0165	-0.0055	0.0110	23.4500	-980	2894	-1279 
0x50	07:22:05.958	0.0015	0.0010	1.0000	0.0000	0.0000	0.0000	-0.0110	-0.0055	0.0110	23.4500	-981	2894	-1279 
0x50	07:22:05.969	0.0015	-0.0005	1.0024	0.0000	0.0000	0.0000	-0.0165	-0.0055	0.0110	23.4500	-981	2895	-1279 
0x50	07:22:05.978	0.0005	-0.0029	0.9995	0.0000	0.0000	0.0000	-0.0165	-0.0055	0.0110	23.4000	-980	2894	-1279 
0x50	07:22:05.988	-0.0010	-0.0020	0.9995	0.0000	0.0000	0.0000	-0.0165	-0.0055	0.0110	23.4500	-980	2894	-1278 
0x50	07:22:06.013	0.0015	-0.0020	0.9985	0.0000	0.0000	0.0000	-0.0165	-0.0055	0.0110	23.4500	-980	2894	-1279 
0x50	07:22:06.013	0.0029	-0.0005	1.0015	0.0000	0.0000	0.0000	-0.0165	-0.0055	0.0110	23.4500	-980	2894	-1278 
0x50	07:22:06.018	0.0000	0.0010	0.9985	0.0000	0.0000	0.0000	-0.0165	-0.0055	0.0110	23.4500	-980	2894	-1279 
0x50	07:22:06.028	0.0000	0.0015	1.0010	0.0000	0.0000	0.0000	-0.0165	-0.0055	0.0110	23.4000	-980	2895	-1279 
0x50	07:22:06.038	0.0000	0.0000	1.0000	0.0000	0.0000	0.0000	-0.0165	-0.0055	0.0110	23.4500	-980	2894	-1280 
0x50	07:22:06.048	0.0005	0.0000	0.9995	0.0000	0.0000	0.0000	-0.0165	-0.0055	0.0110	23.4500	-980	2894	-1280 
0x50	07:22:06.058	0.0015	-0.0005	1.0000	0.0000	0.0000	0.0000	-0.0165	-0.0055	0.0165	23.4500	-980	2895	-1280 
0x50	07:22:06.068	0.0000	0.0000	0.9995	0.0000	0.0000	0.0000	-0.0165	-0.0055	0.0165	23.4500	-980	2895	-1280 
0x50	07:22:06.078	0.0015	0.0000	1.0015	0.0000	0.0000	0.0000	-0.0165	-0.0055	0.0165	23.4500	-980	2895	-1280 
0x50	07:22:06.088	0.0005	-0.0005	0.9985	0.0000	0.0000	0.0000	-0.0165	-0.0110	0.0165	23.4500	-980	2895	-1280 
0x50	07:22:06.098	0.0005	0.0000	0.9995	0.0000	0.0000	0.0000	-0.0165	-0.0110	0.0165	23.4500	-980	2895	-1280 
0x50	07:22:06.108	0.0000	0.0000	1.0000	0.0000	0.0000	0.0000	-0.0165	-0.0110	0.0165	23.4500	-980	2895	-1279 
0x50	07:22:06.118	0.0005	0.0000	1.0010	0.0000	0.0000	0.0000	-0.0165	-0.0110	0.0165	23.4500	-980	2895	-1279 
0x50	07:22:06.128	0.0005	0.0000	1.0000	0.0000	0.0000	0.0000	-0.0165	-0.0110	0.0165	23.4000	-980	2895	-1279 
0x50	07:22:06.138	-0.0010	-0.0015	1.0000	0.0000	0.0000	0.0000	-0.0165	-0.0055	0.0165	23.4000	-980	2895	-1279 
0x50	07:22:06.148	0.0015	0.0000	0.9995	0.0000	0.0000	0.0000	-0.0165	-0.0110	0.0165	23.4500	-980	2895	-1280 
0x50	07:22:06.158	0.0000	-0.0005	0.9985	0.0000	0.0000	0.0000	-0.0165	-0.0110	0.0165	23.4000	-980	2895	-1280 
0x50	07:22:06.168	0.0000	0.0000	1.0000	0.0000	0.0000	0.0000	-0.0165	-0.0110	0.0165	23.4000	-980	2895	-1281 
0x50	07:22:06.178	0.0015	0.0000	1.0000	0.0000	0.0000	0.0000	-0.0165	-0.0110	0.0220	23.4500	-979	2895	-1281 
0x50	07:22:06.188	0.0020	-0.0005	0.9980	0.0000	0.0000	0.0000	-0.0165	-0.0110	0.0220	23.4500	-979	2895	-1281 
0x50	07:22:06.198	0.0000	0.0000	0.9995	0.0000	0.0000	0.0000	-0.0165	-0.0110	0.0220	23.4000	-979	2894	-1281 
0x50	07:22:06.208	0.0000	0.0015	1.0024	0.0000	0.0000	0.0000	-0.0165	-0.0110	0.0220	23.4000	-979	2894	-1281 
0x50	07:22:06.237	-0.0010	0.0010	1.0024	0.0000	0.0000	0.0000	-0.0165	-0.0110	0.0220	23.4500	-979	2894	-1281 
0x50	07:22:06.237	-0.0010	0.0000	0.9985	0.0000	0.0000	0.0000	-0.0165	-0.0110	0.0220	23.4000	-979	2894	-1280 
0x50	07:22:06.238	-0.0015	-0.0005	0.9995	0.0000	0.0000	0.0000	-0.0165	-0.0110	0.0220	23.4000	-979	2894	-1281 
0x50	07:22:06.248	-0.0015	-0.0005	0.9995	0.0000	0.0000	0.0000	-0.0165	-0.0055	0.0220	23.4500	-978	2894	-1281 
0x50	07:22:06.258	0.0000	-0.0020	0.9932	0.0000	0.0000	0.0000	-0.0165	-0.0055	0.0220	23.4500	-978	2894	-1281 
0x50	07:22:06.268	0.0044	0.0024	1.0010	0.0000	0.0000	0.0000	-0.0165	-0.0110	0.0220	23.4500	-978	2894	-1281 
0x50	07:22:06.278	0.0078	0.0029	1.0039	0.0000	0.0000	0.0000	-0.0165	-0.0110	0.0275	23.4500	-978	2894	-1281 
0x50	07:22:06.288	0.0063	0.0015	0.9980	0.0000	0.0000	0.0000	-0.0165	-0.0110	0.0275	23.4500	-978	2895	-1281 
0x50	07:22:06.298	0.0063	0.0015	1.0000	0.0000	0.0000	0.0000	-0.0165	-0.0165	0.0275	23.4500	-978	2894	-1281 
0x50	07:22:06.308	0.0059	-0.0020	0.9961	0.0000	0.0000	0.0000	-0.0165	-0.0165	0.0275	23.4500	-978	2894	-1281 
0x50	07:22:06.318	0.0034	-0.0005	1.0015	0.0000	0.0000	0.0000	-0.0165	-0.0165	0.0275	23.4500	-978	2894	-1281 
0x50	07:22:06.328	0.0020	-0.0020	1.0010	0.0000	0.0000	0.0000	-0.0165	-0.0165	0.0330	23.4500	-979	2894	-1281 
0x50	07:22:06.338	-0.0034	-0.0020	1.0000	0.0000	0.0000	0.0000	-0.0165	-0.0165	0.0330	23.4500	-979	2894	-1281 
0x50	07:22:06.348	-0.0015	-0.0039	0.9985	0.0000	0.0000	0.0000	-0.0165	-0.0165	0.0330	23.4500	-978	2894	-1281 
0x50	07:22:06.358	-0.0015	-0.0029	0.9985	0.0000	0.0000	0.0000	-0.0165	-0.0165	0.0330	23.4500	-978	2894	-1281 
0x50	07:22:06.368	-0.0024	-0.0020	0.9980	0.0000	0.0000	0.0000	-0.0220	-0.0165	0.0330	23.4500	-979	2894	-1282 
0x50	07:22:06.378	-0.0024	0.0010	1.0029	0.0000	0.0000	0.0000	-0.0220	-0.0165	0.0330	23.4500	-978	2894	-1281 
0x50	07:22:06.388	-0.0034	0.0054	1.0010	0.0000	0.0000	0.0000	-0.0165	-0.0110	0.0330	23.4500	-978	2894	-1281 
0x50	07:22:06.409	-0.0054	0.0054	1.0010	0.0000	0.0000	0.0000	-0.0165	-0.0110	0.0330	23.4500	-978	2894	-1281 
0x50	07:22:06.409	-0.0015	0.0068	0.9980	0.0000	0.0000	0.0000	-0.0165	-0.0110	0.0330	23.4000	-978	2894	-1282 
0x50	07:22:06.418	-0.0024	0.0054	1.0015	0.0000	0.0000	0.0000	-0.0110	-0.0110	0.0330	23.4500	-978	2894	-1282 
0x50	07:22:06.428	-0.0024	0.0024	1.0015	0.0000	0.0000	0.0000	-0.0110	-0.0055	0.0330	23.4500	-978	2895	-1282 
0x50	07:22:06.438	0.0005	-0.0005	0.9995	0.0000	0.0000	0.0000	-0.0110	-0.0110	0.0330	23.4500	-977	2894	-1282 
0x50	07:22:06.448	0.0015	-0.0029	1.0000	0.0000	0.0000	0.0000	-0.0110	-0.0110	0.0330	23.4500	-978	2894	-1282 
0x50	07:22:06.458	0.0005	-0.0029	1.0015	0.0000	0.0000	0.0000	-0.0110	-0.0110	0.0330	23.4500	-978	2894	-1281 
0x50	07:22:06.468	-0.0015	-0.0034	0.9980	0.0000	0.0000	0.0000	-0.0165	-0.0055	0.0330	23.4500	-978	2895	-1281 
0x50	07:22:06.478	0.0000	0.0010	0.9985	0.0000	0.0000	0.0000	-0.0165	-0.0055	0.0330	23.4000	-977	2894	-1281 
0x50	07:22:06.488	0.0015	0.0010	0.9985	0.0000	0.0000	0.0000	-0.0165	-0.0110	0.0330	23.4500	-977	2894	-1281 
0x50	07:22:06.498	0.0029	0.0010	1.0010	0.0000	0.0000	0.0000	-0.0165	-0.0110	0.0330	23.4500	-977	2894	-1281 
0x50	07:22:06.508	0.0044	0.0000	1.0024	0.0000	0.0000	0.0000	-0.0165	-0.0110	0.0385	23.4500	-978	2894	-1281 
0x50	07:22:06.518	0.0063	-0.0034	1.0029	0.0000	0.0000	0.0000	-0.0165	-0.0110	0.0385	23.4000	-977	2894	-1282 
0x50	07:22:06.528	0.0073	-0.0039	0.9995	0.0000	0.0000	0.0000	-0.0165	-0.0165	0.0385	23.4000	-977	2894	-1281 
0x50	07:22:06.538	0.0034	-0.0049	0.9980	0.0000	0.0000	0.0000	-0.0165	-0.0165	0.0385	23.4000	-977	2894	-1281 
0x50	07:22:06.548	0.0020	-0.0005	1.0000	0.0000	0.0000	0.0000	-0.0220	-0.0165	0.0385	23.4000	-977	2894	-1281 
0x50	07:22:06.558	0.0000	0.0024	1.0015	0.0000	0.0000	0.0000	-0.0165	-0.0165	0.0439	23.4500	-977	2894	-1281 
0x50	07:22:06.568	-0.0034	0.0054	1.0024	0.0000	0.0000	0.0000	-0.0165	-0.0165	0.0439	23.4500	-977	2894	-1281 
0x50	07:22:06.578	-0.0054	0.0029	1.0029	0.0000	0.0000	0.0000	-0.0165	-0.0110	0.0439	23.4000	-977	2894	-1281 
0x50	07:22:06.588	-0.0034	-0.0015	0.9985	0.0000	0.0000	0.0000	-0.0165	-0.0110	0.0439	23.4500	-977	2893	-1282 
0x50	07:22:06.598	-0.0034	-0.0039	0.9995	0.0000	0.0000	0.0000	-0.0165	-0.0110	0.0439	23.4500	-977	2893	-1282 
0x50	07:22:06.608	-0.0010	-0.0039	1.0015	0.0000	0.0000	0.0000	-0.0165	-0.0110	0.0439	23.4000	-977	2894	-1281 
0x50	07:22:06.633	-0.0015	-0.0039	1.0015	0.0000	0.0000	0.0000	-0.0220	-0.0110	0.0439	23.4000	-977	2894	-1282 
0x50	07:22:06.633	-0.0010	-0.0005	1.0000	0.0000	0.0000	0.0000	-0.0220	-0.0110	0.0439	23.4500	-977	2894	-1281 
0x50	07:22:06.638	0.0000	0.0024	0.9985	0.0000	0.0000	0.0000	-0.0220	-0.0110	0.0439	23.4500	-977	2894	-1281 
0x50	07:22:06.648	0.0020	0.0039	1.0000	0.0000	0.0000	0.0000	-0.0165	-0.0110	0.0439	23.4000	-977	2894	-1281 
0x50	07:22:06.658	0.0029	0.0029	1.0000	0.0000	0.0000	0.0000	-0.0165	-0.0110	0.0439	23.4000	-977	2894	-1281 
0x50	07:22:06.668	0.0029	0.0024	1.0000	0.0000	0.0000	0.0000	-0.0165	-0.0110	0.0439	23.4000	-977	2894	-1281 
0x50	07:22:06.678	0.0049	0.0010	1.0010	0.0000	0.0000	0.0000	-0.0165	-0.0110	0.0439	23.4500	-976	2894	-1282 
0x50	07:22:06.688	0.0020	-0.0015	0.9995	0.0000	0.0000	0.0000	-0.0165	-0.0110	0.0494	23.4000	-977	2894	-1281 
0x50	07:22:06.698	0.0029	-0.0020	0.9971	0.0000	0.0000	0.0000	-0.0165	-0.0165	0.0494	23.4500	-977	2894	-1281 
0x50	07:22:06.708	0.0020	-0.0020	0.9995	0.0000	0.0000	0.0000	-0.0165	-0.0165	0.0494	23.4500	-977	2894	-1281 
0x50	07:22:06.718	0.0005	-0.0015	1.0000	0.0000	0.0000	0.0000	-0.0165	-0.0165	0.0494	23.4500	-977	2894	-1281 
0x50	07:22:06.728	0.0005	-0.0005	0.9995	0.0000	0.0000	0.0000	-0.0220	-0.0165	0.0494	23.4500	-977	2894	-1281 
0x50	07:22:06.738	-0.0015	-0.0015	1.0015	0.0000	0.0000	0.0000	-0.0220	-0.0165	0.0494	23.4500	-977	2894	-1281 
0x50	07:22:06.748	-0.0010	0.0000	0.9995	0.0000	0.0000	0.0000	-0.0220	-0.0165	0.0494	23.4500	-977	2894	-1282 
0x50	07:22:06.758	0.0005	0.0015	1.0000	0.0000	0.0000	0.0000	-0.0220	-0.0165	0.0494	23.4500	-977	2894	-1282 
0x50	07:22:06.768	-0.0024	0.0029	1.0000	0.0000	0.0000	0.0000	-0.0165	-0.0110	0.0494	23.4500	-977	2894	-1282 
0x50	07:22:06.778	-0.0015	0.0039	1.0024	0.0000	0.0000	0.0000	-0.0165	-0.0110	0.0494	23.4500	-977	2894	-1282 
0x50	07:22:06.807	-0.0010	0.0029	1.0000	0.0000	0.0000	0.0000	-0.0165	-0.0110	0.0494	23.4000	-977	2894	-1281 
0x50	07:22:06.807	0.0005	-0.0005	1.0010	0.0000	0.0000	0.0000	-0.0165	-0.0110	0.0549	23.4000	-977	2893	-1282 
0x50	07:22:06.808	0.0000	-0.0015	1.0010	0.0000	0.0000	0.0000	-0.0165	-0.0110	0.0549	23.4500	-977	2894	-1282 
0x50	07:22:06.818	0.0005	-0.0039	0.9971	0.0000	0.0000	0.0000	-0.0165	-0.0110	0.0549	23.4000	-976	2894	-1282 
0x50	07:22:06.828	0.0005	-0.0034	0.9995	0.0000	0.0000	0.0000	-0.0220	-0.0110	0.0549	23.4500	-976	2894	-1282 
0x50	07:22:06.838	0.0005	-0.0015	1.0000	0.0000	0.0000	0.0000	-0.0220	-0.0110	0.0549	23.4500	-977	2894	-1282 
0x50	07:22:06.848	0.0005	0.0010	0.9985	0.0000	0.0000	0.0000	-0.0220	-0.0110	0.0549	23.4500	-977	2893	-1282 
0x50	07:22:06.858	0.0000	0.0015	1.0000	0.0000	0.0000	0.0000	-0.0220	-0.0110	0.0549	23.4500	-977	2893	-1282 
0x50	07:22:06.868	0.0005	0.0015	1.0010	0.0000	0.0000	0.0000	-0.0165	-0.0110	0.0549	23.4500	-977	2894	-1282 
0x50	07:22:06.878	0.0015	-0.0020	0.9854	0.0000	0.0000	0.0000	-0.0165	-0.0110	0.0549	23.4000	-977	2894	-1282 
0x50	07:22:06.888	0.0044	0.0010	1.0059	0.0000	0.0000	0.0000	-0.0165	-0.0110	0.0549	23.4000	-977	2894	-1282 
0x50	07:22:06.898	0.0029	-0.0029	0.9946	0.0000	0.0000	0.0000	-0.0220	-0.0165	0.0604	23.4500	-977	2893	-1282 
0x50	07:22:06.908	0.0020	0.0010	1.0044	0.0000	0.0000	0.0000	-0.0220	-0.0165	0.0604	23.4500	-977	2894	-1282 
0x50	07:22:06.918	0.0020	0.0024	1.0044	0.0000	0.0000	0.0000	-0.0165	-0.0165	0.0604	23.4000	-977	2894	-1282 
0x50	07:22:06.928	0.0000	0.0015	0.9980	0.0000	0.0000	0.0000	-0.0165	-0.0165	0.0604	23.4500	-977	2894	-1282 
0x50	07:22:06.938	-0.0034	0.0029	1.0039	0.0000	0.0000	0.0000	-0.0165	-0.0165	0.0604	23.4000	-977	2894	-1282 
0x50	07:22:06.948	-0.0049	0.0215	0.9995	0.0000	0.0000	0.0000	-0.0110	-0.0110	0.0604	23.4500	-977	2893	-1282 
0x50	07:22:06.958	-0.0034	-0.0034	0.9961	0.0000	0.0000	0.0000	-0.0165	-0.0110	0.0604	23.4500	-977	2893	-1282 
0x50	07:22:06.968	-0.0015	-0.0054	1.0044	0.0000	0.0000	0.0000	-0.0165	-0.0110	0.0604	23.4000	-977	2893	-1282 
0x50	07:22:06.978	-0.0010	-0.0049	0.9961	0.0000	0.0000	0.0000	-0.0165	-0.0110	0.0604	23.4000	-977	2893	-1281 
0x50	07:22:06.988	0.0005	-0.0054	1.0000	0.0000	0.0000	0.0000	-0.0220	-0.0110	0.0604	23.4500	-977	2893	-1281 
0x50	07:22:06.998	0.0015	-0.0029	0.9985	0.0000	0.0000	0.0000	-0.0220	-0.0110	0.0604	23.4500	-977	2893	-1282 
0x50	07:22:07.008	-0.0010	0.0068	0.9980	0.0000	0.0000	0.0000	-0.0220	-0.0110	0.0604	23.4000	-977	2893	-1282 
0x50	07:22:07.030	0.0059	-0.0029	1.0024	0.0000	0.0000	0.0000	-0.0220	-0.0110	0.0604	23.4500	-977	2893	-1282 
0x50	07:22:07.030	0.0044	0.0024	0.9995	0.0000	0.0000	0.0000	-0.0220	-0.0110	0.0604	23.4500	-977	2893	-1282 
0x50	07:22:07.038	0.0044	0.0024	1.0024	0.0000	0.0000	0.0000	-0.0165	-0.0165	0.0659	23.4500	-977	2893	-1283 
0x50	07:22:07.048	0.0044	-0.0005	1.0000	0.0000	0.0000	0.0000	-0.0165	-0.0165	0.0659	23.4500	-977	2894	-1283 
0x50	07:22:07.058	0.0034	0.0000	1.0000	0.0000	0.0000	0.0000	-0.0165	-0.0165	0.0659	23.4500	-977	2893	-1282 
0x50	07:22:07.068	0.0020	-0.0005	1.0000	0.0000	0.0000	0.0000	-0.0165	-0.0165	0.0659	23.4500	-977	2893	-1282 
0x50	07:22:07.077	0.0000	0.0000	1.0010	0.0000	0.0000	0.0000	-0.0165	-0.0165	0.0659	23.4500	-977	2893	-1282 
0x50	07:22:07.088	-0.0024	0.0000	0.9985	0.0000	0.0000	0.0000	-0.0165	-0.0165	0.0659	23.4500	-977	2893	-1282 
0x50	07:22:07.098	0.0000	-0.0015	1.0000	0.0000	0.0000	0.0000	-0.0220	-0.0165	0.0659	23.4500	-977	2893	-1283 
0x50	07:22:07.108	-0.0015	-0.0020	1.0010	0.0000	0.0000	0.0000	-0.0220	-0.0165	0.0659	23.4500	-977	2893	-1283 
0x50	07:22:07.118	-0.0024	0.0024	1.0039	0.0000	0.0000	0.0000	-0.0220	-0.0165	0.0659	23.4500	-977	2893	-1283 
0x50	07:22:07.128	-0.0034	0.0029	1.0010	0.0000	0.0000	0.0000	-0.0165	-0.0110	0.0659	23.4500	-977	2893	-1283 
0x50	07:22:07.138	-0.0034	0.0044	1.0000	0.0000	0.0000	0.0000	-0.0165	-0.0110	0.0659	23.4000	-977	2893	-1283 
0x50	07:22:07.148	-0.0010	0.0044	0.9995	0.0000	0.0000	0.0000	-0.0165	-0.0110	0.0659	23.4500	-977	2893	-1283 
0x50	07:22:07.158	-0.0010	0.0024	1.0010	0.0000	0.0000	0.0000	-0.0165	-0.0110	0.0659	23.4000	-977	2893	-1284 
0x50	07:22:07.168	0.0005	-0.0005	1.0000	0.0000	0.0000	0.0000	-0.0165	-0.0110	0.0659	23.4500	-977	2893	-1284 
0x50	07:22:07.178	0.0020	-0.0034	1.0010	0.0000	0.0000	0.0000	-0.0165	-0.0110	0.0659	23.4000	-977	2893	-1284 
0x50	07:22:07.203	0.0034	-0.0034	0.9971	0.0000	0.0000	0.0000	-0.0165	-0.0110	0.0659	23.4500	-977	2893	-1283 
0x50	07:22:07.203	0.0044	-0.0034	1.0039	0.0000	0.0000	0.0000	-0.0165	-0.0110	0.0714	23.4500	-977	2893	-1283 
0x50	07:22:07.208	0.0044	-0.0005	0.9980	0.0000	0.0000	0.0000	-0.0165	-0.0165	0.0714	23.4500	-977	2894	-1284 
0x50	07:22:07.218	0.0020	0.0010	1.0015	0.0000	0.0000	0.0000	-0.0165	-0.0165	0.0714	23.4500	-977	2893	-1284 
0x50	07:22:07.228	0.0029	0.0024	1.0015	0.0000	0.0000	0.0000	-0.0165	-0.0165	0.0714	23.4000	-977	2893	-1283 
0x50	07:22:07.238	0.0029	0.0015	0.9995	0.0000	0.0000	0.0000	-0.0165	-0.0165	0.0714	23.4000	-977	2893	-1283 
0x50	07:22:07.248	0.0020	0.0010	0.9980	0.0000	0.0000	0.0000	-0.0165	-0.0165	0.0714	23.4500	-977	2893	-1283 
0x50	07:22:07.258	0.0029	0.0010	0.9995	0.0000	0.0000	0.0000	-0.0165	-0.0165	0.0714	23.4500	-977	2893	-1283 
0x50	07:22:07.268	0.0034	0.0010	1.0000	0.0000	0.0000	0.0000	-0.0165	-0.0165	0.0714	23.4000	-976	2893	-1283 
0x50	07:22:07.278	0.0005	0.0132	0.9985	0.0000	0.0000	0.0000	-0.0110	-0.0165	0.0769	23.4500	-976	2893	-1283 
0x50	07:22:07.288	-0.0034	0.0054	0.9985	0.0000	0.0000	0.0000	-0.0110	-0.0165	0.0769	23.4500	-976	2893	-1282 
0x50	07:22:07.298	-0.0054	0.0444	1.0000	0.0000	0.0000	0.0000	0.0000	-0.0165	0.0769	23.4500	-976	2893	-1282 
0x50	07:22:07.308	-0.0063	0.0815	1.0015	-0.1831	0.0000	6.4087	0.0165	-0.0110	0.0824	23.4000	-976	2893	-1282 
0x50	07:22:07.318	-0.0063	0.0391	1.0000	0.6714	-1.2207	25.2075	0.0330	-0.0110	0.1099	23.4500	-976	2893	-1282 
0x50	07:22:07.328	-0.0122	0.0513	0.9985	0.4883	-1.0986	48.3398	0.0494	-0.0110	0.1648	23.4000	-975	2894	-1283 
0x50	07:22:07.338	-0.0166	0.0747	1.0015	-1.7700	2.1973	63.9038	0.0714	-0.0055	0.2362	23.4500	-974	2894	-1283 
0x50	07:22:07.348	-0.0122	0.1016	0.9985	-1.5259	2.2583	72.8760	0.0989	0.0000	0.3296	23.4000	-972	2895	-1283 
0x50	07:22:07.358	-0.0083	0.1489	1.0015	1.8921	-3.5400	65.4907	0.1483	0.0000	0.4175	23.4000	-969	2896	-1283 
0x50	07:22:07.368	-0.0063	0.1235	1.0039	-4.6997	8.4839	66.9556	0.1813	0.0110	0.4999	23.4000	-966	2897	-1283 
0x50	07:22:07.378	-0.0083	0.0488	1.0073	1.9531	-1.2207	73.4253	0.2087	0.0165	0.5933	23.4500	-963	2899	-1283 
0x50	07:22:07.387	-0.0166	0.1372	0.9897	-0.9155	-0.4272	65.2466	0.2472	0.0220	0.6812	23.4000	-960	2901	-1284 
0x50	07:22:07.397	0.0190	0.1030	0.9980	-0.9155	-1.9531	72.0215	0.2802	0.0110	0.7690	23.4500	-956	2903	-1284 
0x50	07:22:07.429	0.0151	0.1304	1.0010	-1.2207	-1.0376	57.6172	0.3131	0.0055	0.8514	23.4500	-952	2905	-1284 
0x50	07:22:07.429	0.0176	0.1587	0.9883	-0.6104	1.4648	30.7007	0.3680	0.0055	0.9064	23.4000	-948	2907	-1285 
0x50	07:22:07.429	0.0117	0.1777	1.0029	-0.1221	-1.6479	-0.9155	0.4230	0.0000	0.9174	23.4000	-945	2910	-1285 
0x50	07:22:07.437	-0.0166	0.1563	1.0059	3.7842	2.8076	-18.1274	0.4724	0.0110	0.9064	23.4500	-942	2913	-1286 
0x50	07:22:07.447	-0.0034	0.1289	0.9917	2.5635	4.3335	-27.1606	0.5164	0.0165	0.8789	23.4000	-940	2915	-1287 
0x50	07:22:07.457	-0.0195	0.1030	0.9946	6.5918	-7.5684	-25.5127	0.5548	0.0165	0.8459	23.4500	-939	2918	-1287 
0x50	07:22:07.467	0.0005	0.1128	1.0088	8.9111	-3.5400	-0.4272	0.6042	0.0110	0.8405	23.4500	-937	2921	-1288 
0x50	07:22:07.477	0.0000	0.1289	0.9971	4.0283	3.5400	41.1987	0.6482	0.0165	0.8844	23.4500	-936	2924	-1289 
0x50	07:22:07.487	0.0005	0.0884	0.9995	1.0376	5.9814	65.3076	0.6757	0.0220	0.9668	23.4500	-934	2928	-1291 
0x50	07:22:07.497	0.0269	0.1357	1.0156	1.5869	1.5869	58.5938	0.7251	0.0165	1.0492	23.4500	-932	2932	-1293 
0x50	07:22:07.507	0.0459	0.1729	1.0098	0.1221	5.5542	-3.3569	0.7800	0.0110	1.0822	23.4000	-929	2936	-1295 
0x50	07:22:07.517	0.0273	0.1948	1.0103	0.4883	-0.1831	-107.1777	0.8459	0.0055	0.9888	23.4500	-927	2940	-1297 
0x50	07:22:07.527	-0.0122	0.0898	1.0171	9.1553	-0.0610	-152.7710	0.8954	0.0055	0.8130	23.4500	-927	2944	-1299 
0x50	07:22:07.537	-0.0166	0.0947	0.9946	3.6011	3.9673	-172.5464	0.9283	0.0165	0.6097	23.4500	-929	2948	-1301 
0x50	07:22:07.547	-0.0278	0.0840	0.9883	8.1177	-1.4648	-178.2227	0.9558	0.0330	0.3955	23.4500	-932	2952	-1304 
0x50	07:22:07.557	-0.0093	0.0957	0.9980	13.1836	1.2817	-166.3208	0.9943	0.0385	0.1868	23.4500	-936	2955	-1307 
0x50	07:22:07.567	0.0200	0.0068	1.0015	7.5684	4.0894	-100.7080	1.0107	0.0439	0.0439	23.4500	-941	2958	-1311 
0x50	07:22:07.577	0.0000	0.0488	1.0000	9.2773	3.9673	-20.7520	1.0272	0.0439	0.0055	23.4500	-945	2962	-1315 
0x50	07:22:07.587	0.0176	0.0562	1.0054	7.0190	2.3804	36.0107	1.0437	0.0494	0.0439	23.4500	-947	2966	-1320 
0x50	07:22:07.597	0.0239	0.1045	0.9946	10.4980	-4.5166	33.0811	1.0712	0.0385	0.1044	23.4000	-948	2971	-1325 
0x50	07:22:07.607	0.0244	0.1577	0.9780	7.3853	2.4414	-2.9907	1.1261	0.0275	0.1208	23.4500	-949	2977	-1330 
0x50	07:22:07.617	-0.0063	0.1299	1.0132	7.0190	0.5493	12.8174	1.1755	0.0275	0.1428	23.4000	-949	2982	-1335 
0x50	07:22:07.627	-0.0400	0.0498	0.9844	9.4604	-11.1084	41.6260	1.2030	0.0275	0.1923	23.4500	-947	2987	-1341 
0x50	07:22:07.653	-0.0469	0.0542	0.9824	-0.8545	19.2261	105.2246	1.2140	0.0439	0.3021	23.4000	-945	2994	-1348 
0x50	07:22:07.653	0.0103	0.0298	1.0146	3.5400	-2.6855	129.6997	1.2250	0.0494	0.4669	23.4000	-940	3001	-1355 
0x50	07:22:07.657	-0.0049	0.0225	1.0503	-0.7324	-17.7002	106.4453	1.2305	0.0275	0.6152	23.4500	-934	3008	-1363 
0x50	07:22:07.667	-0.0010	0.0332	0.9712	-21.1792	42.9077	63.9648	1.2085	0.0659	0.7086	23.4500	-928	3015	-1371 
0x50	07:22:07.677	0.0195	0.0483	0.9814	-2.3193	17.0898	75.8057	1.2085	0.0879	0.8075	23.4500	-921	3022	-1378 
0x50	07:22:07.687	0.0059	0.0186	1.0225	-3.0518	0.5493	97.1069	1.2085	0.0824	0.9338	23.4500	-914	3030	-1387 
0x50	07:22:07.697	0.0034	0.0669	1.0171	-4.6387	6.5308	89.8438	1.2140	0.0879	1.0602	23.4500	-906	3038	-1396 
0x50	07:22:07.707	0.0073	0.0459	1.0171	0.6714	-4.3945	99.6704	1.2140	0.0824	1.1865	23.4500	-897	3046	-1405 
0x50	07:22:07.717	-0.0249	0.0518	0.9731	-4.8828	2.7466	107.3608	1.2195	0.0879	1.3239	23.4500	-887	3053	-1415 
0x50	07:22:07.727	-0.0342	0.0073	0.9873	-2.8076	0.7324	117.4927	1.2140	0.0989	1.4777	23.4500	-877	3060	-1425 
0x50	07:22:07.737	-0.0249	-0.0386	0.9956	-3.9063	5.9814	105.4688	1.1920	0.1099	1.6095	23.4500	-867	3067	-1436 
0x50	07:22:07.747	-0.0298	-0.0254	0.9956	-3.2959	7.5684	94.9707	1.1755	0.1263	1.7413	23.4500	-856	3074	-1448 
0x50	07:22:07.757	0.0059	0.0269	0.9956	-0.6104	5.7983	60.6079	1.1646	0.1318	1.8347	23.4500	-845	3080	-1459 
0x50	07:22:07.767	0.0161	0.0503	0.9917	1.5869	4.0283	41.5039	1.1700	0.1318	1.9061	23.4500	-834	3086	-1471 
0x50	07:22:07.777	0.0347	0.0273	1.0098	0.2441	1.7700	34.9121	1.1810	0.1208	1.9720	23.4500	-824	3090	-1483 
0x50	07:22:07.787	-0.0015	-0.0005	0.9595	0.2441	3.9063	16.7236	1.1755	0.1208	2.0105	23.4000	-815	3094	-1495 
0x50	07:22:07.797	-0.0283	-0.0244	1.0371	2.0752	0.7935	-0.9766	1.1700	0.1263	2.0215	23.4500	-806	3097	-1508 
0x50	07:22:07.827	0.0020	0.0083	0.9497	3.4180	3.2349	26.3672	1.1700	0.1318	2.0599	23.4500	-797	3099	-1521 
0x50	07:22:07.827	0.0166	0.0161	0.9854	3.4180	3.8452	25.8789	1.1646	0.1263	2.1149	23.4500	-788	3100	-1534 
0x50	07:22:07.828	0.0103	0.0576	1.0161	5.0049	-0.4272	-4.5166	1.1810	0.1208	2.1368	23.4500	-780	3100	-1548 
0x50	07:22:07.837	0.0132	0.0317	0.9980	12.3291	3.0518	-1.8921	1.2085	0.1154	2.1478	23.4500	-772	3098	-1562 
0x50	07:22:07.847	0.0645	0.0415	1.0229	2.6855	16.9678	-11.3525	1.2360	0.1154	2.1698	23.4500	-764	3096	-1575 
0x50	07:22:07.857	0.0488	-0.0210	1.0186	4.7607	6.8359	-74.1577	1.2415	0.1099	2.1313	23.4500	-757	3092	-1587 
0x50	07:22:07.867	0.0190	0.0088	0.9487	10.1318	-10.7422	-143.9209	1.2524	0.0989	1.9885	23.4500	-752	3088	-1599 
0x50	07:22:07.877	0.0137	-0.0029	0.9844	1.7700	3.0518	-156.5552	1.2415	0.0934	1.8182	23.4500	-748	3081	-1610 
0x50	07:22:07.887	0.0190	-0.0586	0.9995	4.2725	1.8921	-165.3442	1.2250	0.0934	1.6370	23.4000	-746	3074	-1620 
0x50	07:22:07.897	-0.0430	-0.0527	0.9795	0.0610	-1.9531	-162.5977	1.1975	0.1099	1.4392	23.4500	-745	3066	-1630 
0x50	07:22:07.907	-0.0034	0.0244	0.9858	-0.6714	-4.8218	-102.5391	1.1920	0.1099	1.3129	23.4500	-745	3056	-1638 
0x50	07:22:07.917	0.0503	0.1001	1.0039	-1.0376	-3.7231	-53.2837	1.2030	0.0934	1.2634	23.4000	-745	3046	-1646 
0x50	07:22:07.927	0.0547	0.0342	0.9912	-3.5400	2.0752	-53.5889	1.2195	0.0769	1.2360	23.4500	-744	3035	-1652 
0x50	07:22:07.937	0.0356	0.0176	1.0029	-2.1362	-8.0566	-99.5483	1.2140	0.0549	1.1591	23.4000	-743	3024	-1658 
0x50	07:22:07.947	0.0259	-0.0381	0.9995	-2.6855	3.5400	-144.2871	1.2030	0.0494	1.0217	23.4500	-743	3013	-1663 
0x50	07:22:07.957	0.0166	-0.0313	0.9780	-3.3569	-0.4272	-171.2646	1.1865	0.0494	0.8350	23.4500	-743	3001	-1667 
0x50	07:22:07.967	-0.0342	-0.0737	0.9980	-2.3193	-6.7139	-149.2310	1.1591	0.0494	0.6647	23.4500	-745	2989	-1669 
0x50	07:22:07.977	-0.0371	-0.0981	1.0112	-6.3477	-5.0659	-97.2290	1.1096	0.0604	0.5273	23.4500	-746	2976	-1671 
0x50	07:22:07.987	0.0049	0.0229	1.0103	-9.3384	1.2207	-13.0615	1.0822	0.0659	0.5054	23.4000	-747	2964	-1672 
0x50	07:22:07.997	-0.0063	0.0112	1.0400	-5.7983	3.4180	27.7710	1.0712	0.0714	0.5548	23.4500	-746	2952	-1672 
0x50	07:22:08.008	0.0327	0.0288	0.9897	-7.5684	0.2441	53.0396	1.0602	0.0659	0.6427	23.4000	-745	2941	-1671 
0x50	07:22:08.558	0.0483	0.0327	0.9766	-6.5918	-2.5024	44.4946	1.0657	0.0494	0.7361	23.4000	-741	2931	-1669 
0x50	07:22:08.558	0.0347	0.0039	1.0029	-5.8594	-5.3711	20.4468	1.0602	0.0220	0.8075	23.4500	-737	2921	-1668 
0x50	07:22:08.558	-0.0054	0.0156	0.9702	-5.0659	0.2441	-33.0200	1.0492	0.0220	0.8020	23.4500	-733	2911	-1665 
0x50	07:22:08.558	0.0063	0.0054	1.0146	-4.5166	-2.8687	-30.2734	1.0492	0.0165	0.7855	23.4500	-729	2901	-1661 
0x50	07:22:08.558	0.0078	0.0239	1.0313	-5.0659	-6.2256	-34.3628	1.0437	0.0055	0.7745	23.4000	-725	2891	-1658 
0x50	07:22:08.558	0.0313	-0.0630	1.1250	-2.4414	-3.7231	-83.4351	1.0327	0.0000	0.7141	23.4000	-721	2882	-1654 
0x50	07:22:08.558	-0.0249	-0.0483	0.9829	7.1411	-4.6387	-136.4136	1.0107	0.0000	0.5768	23.4500	-718	2872	-1650 
0x50	07:22:08.558	-0.0342	-0.0923	0.9985	10.9863	11.1084	-163.3301	0.9888	0.0275	0.3900	23.4500	-716	2862	-1645 
0x50	07:22:08.558	0.0073	0.0195	0.9512	4.0894	0.7324	-167.4194	0.9888	0.0385	0.2087	23.4500	-715	2851	-1641 
0x50	07:22:08.558	-0.0151	-0.0137	1.0039	5.6152	0.9766	-202.2095	0.9888	0.0439	0.0000	23.4500	-715	2841	-1635 
0x50	07:22:08.558	0.0044	0.0439	1.0010	2.8076	-7.6904	-206.7871	0.9888	0.0494	-0.2362	23.4500	-716	2831	-1630 
0x50	07:22:08.558	0.0273	-0.0308	1.0605	2.8076	-21.0571	-190.4297	0.9888	0.0275	-0.4449	23.4500	-718	2821	-1625 
0x50	07:22:08.558	-0.0254	-0.0410	0.9600	2.8687	-6.4087	-175.3540	0.9833	0.0165	-0.6427	23.4500	-722	2810	-1619 
0x50	07:22:08.558	-0.0010	-0.1489	1.0083	9.7046	2.5635	-151.4893	0.9558	0.0220	-0.8130	23.4500	-725	2801	-1614 
0x50	07:22:08.558	-0.0210	-0.0898	0.9155	9.7046	-7.3853	-139.0381	0.9338	0.0220	-0.9723	23.4500	-728	2792	-1609 
0x50	07:22:08.558	-0.0039	-0.0815	0.9946	9.9487	-4.0894	-84.9609	0.9064	0.0165	-1.0712	23.4500	-730	2784	-1604 
0x50	07:22:08.558	-0.0537	-0.1802	0.9585	-2.9297	-16.8457	-26.4282	0.8459	0.0165	-1.1151	23.4500	-733	2776	-1599 
0x50	07:22:08.558	-0.0874	-0.0425	0.9399	-1.4648	-3.6621	-2.6245	0.8075	0.0385	-1.1096	23.4500	-734	2768	-1594 
0x50	07:22:08.558	0.0073	-0.0166	1.0015	5.5542	0.3052	47.8516	0.7855	0.0385	-1.0492	23.4000	-734	2761	-1590 
0x50	07:22:08.559	0.0791	0.0200	1.0391	6.7749	-2.9297	70.0684	0.7965	0.0110	-0.9174	23.4500	-732	2755	-1586 
0x50	07:22:08.559	0.0820	-0.0005	1.0742	5.3711	-12.4512	-4.3335	0.8130	-0.0220	-0.8459	23.4500	-730	2749	-1583 
0x50	07:22:08.559	0.0151	-0.0801	1.0430	2.5635	-12.5122	-70.1904	0.7910	-0.0549	-0.8844	23.4500	-729	2743	-1579 
0x50	07:22:08.559	0.0547	-0.1152	0.9526	4.5776	0.7324	-161.1938	0.7690	-0.0714	-1.0217	23.4000	-728	2738	-1575 
0x50	07:22:08.559	-0.0166	-0.2578	0.9829	5.6152	-8.2397	-172.7905	0.6866	-0.0824	-1.2250	23.4500	-729	2733	-1571 
0x50	07:22:08.559	-0.0625	-0.2886	0.9941	4.2725	-16.7236	-153.2593	0.5988	-0.0769	-1.4282	23.4500	-730	2726	-1568 
0x50	07:22:08.559	-0.0327	-0.2700	1.0210	8.3618	-1.7700	-87.5244	0.5054	-0.0659	-1.5656	23.4500	-732	2720	-1565 
0x50	07:22:08.559	-0.0225	-0.1943	0.9839	6.4697	-5.5542	-16.1743	0.4449	-0.0549	-1.5930	23.4500	-734	2714	-1562 
0x50	07:22:08.559	-0.0127	-0.1157	0.8984	-3.6621	-8.5449	10.5591	0.3845	-0.0604	-1.5710	23.4500	-736	2708	-1559 
0x50	07:22:08.559	-0.0439	-0.1460	1.0132	-8.9111	-13.1226	2.8687	0.3241	-0.0659	-1.5436	23.4500	-736	2703	-1556 
0x50	07:22:08.559	-0.0630	-0.1890	0.9595	-0.2441	0.7935	-18.1885	0.2582	-0.0604	-1.5491	23.4500	-737	2699	-1553 
0x50	07:22:08.559	-0.0845	-0.2891	0.9941	2.2583	-2.8687	-40.2832	0.1703	-0.0439	-1.5985	23.4500	-737	2694	-1551 
0x50	07:22:08.559	-0.1011	-0.1929	0.8984	-4.0894	-7.8735	-23.9868	0.0824	-0.0055	-1.6534	23.4500	-738	2690	-1550 
0x50	07:22:08.559	-0.0049	-0.1030	1.0083	-2.2583	-6.8970	6.7139	0.0385	-0.0055	-1.6425	23.4500	-739	2687	-1548 
0x50	07:22:08.559	0.0200	-0.0659	1.0059	5.3101	11.2305	43.6401	0.0275	-0.0055	-1.5546	23.4500	-739	2684	-1546 
0x50	07:22:08.559	0.0117	-0.0122	1.0112	-4.5776	-12.2681	-24.7803	0.0055	-0.0220	-1.5381	23.4500	-738	2681	-1545 
0x50	07:22:08.559	-0.0200	-0.0708	0.9858	1.2817	8.6670	7.6294	-0.0110	-0.0110	-1.5271	23.4500	-738	2678	-1543 
0x50	07:22:08.559	0.0332	-0.0981	0.9941	-5.7983	-6.4087	65.1855	-0.0439	-0.0275	-1.4227	23.4500	-738	2675	-1542 
0x50	07:22:08.559	0.0313	-0.2261	1.0190	-0.6714	3.8452	86.7920	-0.0989	-0.0275	-1.3074	23.4500	-737	2673	-1541 
0x50	07:22:08.559	0.0063	-0.1416	0.9995	-0.4883	8.3008	127.6245	-0.1483	-0.0165	-1.1316	23.4500	-734	2672	-1540 
0x50	07:22:08.559	-0.0181	-0.1084	1.0127	-2.5024	-7.6294	118.9575	-0.1978	-0.0220	-0.9668	23.4500	-731	2671	-1539 
0x50	07:22:08.559	0.0254	-0.0723	1.0112	-4.2725	-5.0049	154.5410	-0.2252	-0.0439	-0.7635	23.4500	-728	2670	-1538 
0x50	07:22:08.559	0.0571	-0.1367	1.0313	7.1411	18.0664	134.3994	-0.2527	-0.0385	-0.5493	23.4500	-723	2670	-1537 
0x50	07:22:08.559	0.0273	-0.0874	0.9956	-20.4468	-38.6353	81.4819	-0.2911	-0.0769	-0.4065	23.4500	-718	2671	-1537 
0x50	07:22:08.559	-0.0098	0.0332	0.9980	-9.9487	-18.3105	45.3491	-0.3131	-0.1099	-0.3076	23.4500	-713	2671	-1535 
0x50	07:22:08.559	0.0439	-0.0430	0.9956	1.7700	0.3662	-4.2114	-0.3131	-0.1263	-0.2747	23.4500	-710	2672	-1535 
0x50	07:22:08.559	0.0166	-0.0298	1.0054	2.9297	5.7373	24.7192	-0.3186	-0.1263	-0.2252	23.4500	-707	2672	-1534 
0x50	07:22:08.559	0.0200	-0.0200	1.0044	6.5308	12.2681	-4.5776	-0.3186	-0.1154	-0.1923	23.4000	-704	2672	-1533 
0x50	07:22:08.559	0.0229	-0.0195	0.9995	2.8076	5.3711	-9.8877	-0.3131	-0.1154	-0.1813	23.4500	-702	2672	-1532 
0x50	07:22:08.559	0.0225	-0.0195	0.9985	0.9766	4.2114	21.4233	-0.3186	-0.1154	-0.1318	23.4500	-700	2672	-1533 
0x50	07:22:08.559	0.0073	-0.0020	0.9980	0.4883	2.0752	12.6953	-0.3186	-0.1154	-0.0824	23.4500	-699	2672	-1533 
0x50	07:22:08.559	0.0020	0.0000	0.9995	2.7466	5.5542	-1.0986	-0.3131	-0.1099	-0.0549	23.4500	-697	2672	-1533 
0x50	07:22:08.559	0.0015	0.0010	1.0015	4.6387	8.5449	-0.0610	-0.3076	-0.0989	-0.0330	23.4500	-696	2673	-1533 
0x50	07:22:08.559	0.0020	0.0000	1.0000	2.1973	4.2725	0.5493	-0.3021	-0.0934	-0.0055	23.4500	-694	2673	-1532 
0x50	07:22:08.559	0.0000	0.0024	0.9995	1.0376	1.2207	0.5493	-0.2966	-0.0879	0.0165	23.4500	-694	2673	-1531 
0x50	07:22:08.559	0.0005	0.0029	1.0000	0.7935	0.7935	0.6104	-0.2911	-0.0879	0.0385	23.4500	-694	2673	-1531 
0x50	07:22:08.580	0.0000	0.0039	0.9995	-0.3052	1.2207	0.0610	-0.2911	-0.0824	0.0659	23.4500	-693	2673	-1531 
0x50	07:22:08.581	-0.0024	0.0044	1.0010	0.1831	-0.0610	0.2441	-0.2856	-0.0824	0.0934	23.4500	-691	2672	-1532 
0x50	07:22:08.592	0.0005	0.0024	1.0000	-0.1221	-1.4038	0.1221	-0.2856	-0.0824	0.1154	23.4500	-691	2672	-1532 
0x50	07:22:08.597	-0.0015	0.0029	0.9995	-1.0986	-1.7700	-0.0610	-0.2856	-0.0879	0.1428	23.4500	-691	2672	-1533 
0x50	07:22:08.607	0.0034	0.0015	1.0000	1.2817	2.1973	0.6104	-0.2802	-0.0824	0.1703	23.4500	-691	2672	-1533 
0x50	07:22:08.618	0.0161	-0.0112	0.9995	1.2207	3.1128	3.6621	-0.2802	-0.0824	0.1978	23.4500	-691	2672	-1533 
0x50	07:22:08.627	0.0195	-0.0166	1.0000	0.9155	1.4648	13.9160	-0.2802	-0.0879	0.2362	23.4500	-689	2672	-1533 
0x50	07:22:08.652	-0.0127	0.0210	1.0010	-0.4272	-0.2441	29.8462	-0.2747	-0.0824	0.2966	23.4000	-689	2672	-1534 
0x50	07:22:08.652	-0.0083	0.0156	1.0015	-0.7935	-0.4272	25.2686	-0.2692	-0.0769	0.3516	23.4500	-688	2673	-1534 
0x50	07:22:08.657	-0.0054	0.0088	1.0039	-2.3804	-2.8076	10.8643	-0.2692	-0.0769	0.3955	23.4500	-687	2673	-1535 
0x50	07:22:08.667	-0.0366	0.0195	1.0469	-7.6294	-13.9160	4.2114	-0.2692	-0.0824	0.4230	23.4500	-686	2673	-1535 
0x50	07:22:08.677	-0.0015	0.0039	1.0068	-15.6250	-27.6489	-0.4272	-0.2856	-0.1263	0.4504	23.4500	-686	2673	-1535 
0x50	07:22:08.687	0.0161	-0.0122	0.9985	0.7935	1.4038	-1.2817	-0.2911	-0.1318	0.4724	23.4500	-686	2673	-1535 
0x50	07:22:08.697	0.0200	-0.0215	1.0244	3.9673	7.1411	-15.6250	-0.2911	-0.1318	0.4889	23.4500	-686	2673	-1535 
0x50	07:22:08.707	-0.0024	0.0103	0.9971	-6.7749	-12.3291	-57.3120	-0.2911	-0.1373	0.4504	23.4500	-686	2673	-1534 
0x50	07:22:08.717	-0.0137	0.0010	0.9980	-3.6621	-7.4463	-53.9551	-0.2966	-0.1483	0.4010	23.4500	-687	2673	-1533 
0x50	07:22:08.727	-0.0078	0.0244	0.9995	0.3052	0.3662	-27.9541	-0.2911	-0.1428	0.3845	23.4500	-688	2673	-1533 
0x50	07:22:08.737	0.0029	-0.0708	1.0010	-0.6714	-1.8921	-13.9771	-0.3021	-0.1483	0.3845	23.4500	-690	2673	-1533 
0x50	07:22:08.747	0.0137	-0.0254	0.9961	-0.0610	-1.7090	-44.7388	-0.3131	-0.1538	0.3680	23.4500	-691	2673	-1533 
0x50	07:22:08.757	-0.0054	0.0073	1.0010	2.4414	2.3193	-81.9702	-0.3076	-0.1538	0.2966	23.4500	-692	2673	-1532 
0x50	07:22:08.767	0.0015	0.0161	1.0044	0.9766	2.1362	-80.9937	-0.3021	-0.1483	0.2197	23.4500	-695	2672	-1532 
0x50	07:22:08.777	-0.0049	0.0269	0.9995	1.4648	4.7607	-80.7495	-0.2856	-0.1428	0.1428	23.4500	-698	2672	-1532 
0x50	07:22:08.787	0.0005	0.0229	1.0024	0.3052	0.1831	-59.9365	-0.2747	-0.1373	0.0824	23.4500	-701	2671	-1531 
0x50	07:22:08.797	0.0029	0.0103	1.0000	-0.1831	-1.8921	-39.4897	-0.2692	-0.1428	0.0549	23.4500	-704	2670	-1530 
0x50	07:22:08.807	0.0029	0.0117	0.9995	-0.4883	-1.3428	-23.9868	-0.2637	-0.1428	0.0439	23.4500	-707	2669	-1530 
0x50	07:22:08.817	0.0015	0.0029	1.0010	-0.3052	-0.7324	-13.5498	-0.2637	-0.1428	0.0494	23.4000	-710	2669	-1530 
0x50	07:22:08.827	0.0029	0.0000	0.9985	-0.3052	-0.1221	-5.1270	-0.2637	-0.1428	0.0604	23.4000	-712	2668	-1530 
0x50	07:22:08.837	0.0029	0.0015	0.9995	0.0000	-0.6714	-5.5542	-0.2582	-0.1428	0.0769	23.4000	-713	2667	-1530 
0x50	07:22:08.847	0.0049	0.0024	1.0015	-0.5493	-0.5493	-6.7139	-0.2582	-0.1483	0.0934	23.4500	-714	2667	-1530 
0x50	07:22:08.878	0.0049	0.0029	0.9995	-0.6104	-0.1831	-8.0566	-0.2582	-0.1483	0.1099	23.4500	-716	2667	-1529 
0x50	07:22:08.878	0.0049	0.0010	1.0000	-0.1831	0.0000	-7.6294	-0.2527	-0.1483	0.1208	23.4500	-718	2666	-1529 
0x50	07:22:08.878	0.0029	0.0029	0.9995	0.2441	0.0000	-7.9346	-0.2527	-0.1483	0.1318	23.4500	-719	2666	-1531 
0x50	07:22:08.887	0.0034	0.0010	0.9995	-0.6714	-0.1831	-7.3242	-0.2527	-0.1483	0.1428	23.4500	-720	2666	-1530 
0x50	07:22:08.897	0.0044	0.0000	1.0000	0.1221	0.0610	-5.9814	-0.2472	-0.1483	0.1593	23.4500	-720	2666	-1530 
0x50	07:22:08.907	0.0029	0.0015	1.0000	0.2441	-0.7324	-5.2490	-0.2472	-0.1483	0.1758	23.4500	-721	2666	-1530 
0x50	07:22:08.917	0.0034	0.0010	1.0010	0.2441	-0.3662	-5.5542	-0.2472	-0.1483	0.1868	23.4500	-722	2666	-1530 
0x50	07:22:08.927	0.0029	0.0044	1.0010	-0.3662	0.4883	-6.7139	-0.2417	-0.1483	0.2032	23.4500	-723	2666	-1529 
0x50	07:22:08.937	0.0020	0.0010	1.0010	-0.4883	-0.1831	-8.1177	-0.2417	-0.1483	0.2142	23.4000	-723	2665	-1529 
0x50	07:22:08.947	0.0015	0.0000	1.0000	-0.4272	0.0000	-7.6294	-0.2417	-0.1483	0.2252	23.4500	-723	2665	-1529 
0x50	07:22:08.957	0.0049	-0.0005	1.0000	0.2441	0.3662	-10.4980	-0.2417	-0.1483	0.2307	23.4500	-724	2665	-1529 
0x50	07:22:08.967	0.0000	-0.0005	0.9985	-0.4883	0.5493	-12.6953	-0.2417	-0.1483	0.2362	23.4500	-725	2665	-1529 
0x50	07:22:08.977	0.0020	-0.0049	1.0010	-0.6104	0.1831	-12.3291	-0.2417	-0.1483	0.2417	23.4500	-726	2665	-1529 
0x50	07:22:08.987	0.0029	0.0044	1.0000	0.0000	0.0000	-15.1367	-0.2362	-0.1483	0.2472	23.4500	-726	2665	-1528 
0x50	07:22:08.997	0.0029	0.0112	1.0000	-0.0610	0.3662	-17.0288	-0.2362	-0.1483	0.2417	23.4500	-726	2664	-1528 
0x50	07:22:09.007	0.0034	0.0044	1.0015	0.2441	0.5493	-8.7280	-0.2307	-0.1483	0.2527	23.4500	-727	2664	-1528 
0x50	07:22:09.017	0.0044	0.0029	1.0000	-0.1221	0.0000	-1.7090	-0.2307	-0.1483	0.2692	23.4000	-728	2664	-1528 
0x50	07:22:09.026	0.0034	0.0024	1.0000	-0.6104	0.6714	-0.4883	-0.2252	-0.1483	0.2856	23.4500	-728	2664	-1528 
0x50	07:22:09.052	0.0034	0.0015	1.0000	-0.1831	0.0610	-0.7324	-0.2252	-0.1483	0.3076	23.4500	-728	2664	-1529 
0x50	07:22:09.052	0.0034	0.0015	1.0000	-0.1221	0.4883	-0.2441	-0.2252	-0.1483	0.3241	23.4500	-728	2664	-1530 
0x50	07:22:09.057	0.0044	0.0010	1.0000	-1.2817	0.7324	-0.2441	-0.2252	-0.1483	0.3461	23.4500	-729	2664	-1531 
0x50	07:22:09.067	0.0059	0.0010	0.9995	-1.0986	0.9766	0.3052	-0.2252	-0.1428	0.3625	23.4500	-729	2664	-1531 
0x50	07:22:09.077	0.0049	-0.0005	1.0010	0.0000	0.1831	0.0610	-0.2197	-0.1428	0.3845	23.4500	-729	2664	-1532 
0x50	07:22:09.086	0.0059	-0.0020	0.9985	-0.2441	0.5493	-0.1831	-0.2197	-0.1483	0.4010	23.4500	-729	2664	-1532 
0x50	07:22:09.097	0.0044	0.0010	1.0010	0.4272	0.3662	-0.1831	-0.2197	-0.1483	0.4230	23.4500	-730	2664	-1531 
0x50	07:22:09.106	0.0049	0.0024	1.0010	0.0000	0.0000	0.0000	-0.2197	-0.1483	0.4395	23.4500	-730	2664	-1531 
0x50	07:22:09.116	0.0020	0.0029	0.9995	-0.7324	-0.0610	0.0610	-0.2142	-0.1483	0.4614	23.4000	-730	2663	-1531 
0x50	07:22:09.126	0.0029	0.0029	0.9995	0.2441	0.3052	-0.1831	-0.2142	-0.1483	0.4779	23.4500	-729	2663	-1530 
0x50	07:22:09.136	0.0020	0.0039	1.0015	-0.0610	-0.3052	-0.2441	-0.2142	-0.1483	0.4944	23.4000	-730	2663	-1529 
0x50	07:22:09.146	0.0034	0.0024	1.0015	0.1831	-0.3052	-0.3052	-0.2087	-0.1483	0.5164	23.4500	-730	2663	-1529 
0x50	07:22:09.156	0.0015	-0.0005	1.0000	-0.4272	-0.2441	-0.4272	-0.2087	-0.1483	0.5328	23.4500	-730	2664	-1529 
0x50	07:22:09.166	0.0015	-0.0020	1.0000	-0.0610	0.8545	-0.1221	-0.2087	-0.1428	0.5493	23.4500	-730	2664	-1529 
0x50	07:22:09.176	0.0015	-0.0029	0.9985	0.0000	0.5493	0.0610	-0.2087	-0.1428	0.5658	23.4500	-730	2664	-1529 
0x50	07:22:09.186	0.0015	0.0015	1.0000	-0.7935	0.1831	-0.4272	-0.2087	-0.1428	0.5823	23.4500	-730	2664	-1528 
0x50	07:22:09.196	0.0034	0.0044	1.0010	-0.3662	-0.1831	-0.5493	-0.2087	-0.1428	0.5988	23.4500	-730	2664	-1528 
0x50	07:22:09.206	0.0034	0.0068	1.0000	0.1831	0.4272	0.1831	-0.2032	-0.1428	0.6207	23.4500	-730	2664	-1528 
0x50	07:22:09.216	0.0044	0.0059	1.0024	0.7324	0.1831	0.0000	-0.1978	-0.1428	0.6372	23.4500	-730	2664	-1528 
0x50	07:22:09.226	0.0034	0.0054	1.0010	0.0610	0.3662	0.0610	-0.1978	-0.1428	0.6537	23.4500	-730	2663	-1528 
0x50	07:22:09.236	0.0029	0.0000	1.0000	-0.2441	0.2441	0.0000	-0.1923	-0.1428	0.6702	23.4500	-731	2663	-1528 
0x50	07:22:09.246	0.0029	-0.0029	1.0010	-0.7324	-0.3052	-0.0610	-0.1923	-0.1428	0.6866	23.4500	-731	2663	-1529 
0x50	07:22:09.277	0.0044	-0.0039	1.0000	-0.3052	0.4883	0.0610	-0.1978	-0.1428	0.7086	23.5000	-730	2663	-1530 
0x50	07:22:09.277	0.0034	-0.0039	1.0000	0.1221	0.0610	-0.1831	-0.1978	-0.1428	0.7251	23.4500	-730	2664	-1529 
0x50	07:22:09.277	0.0029	0.0000	0.9995	0.1221	-0.3662	0.4272	-0.1923	-0.1428	0.7416	23.4000	-729	2663	-1530 
0x50	07:22:09.286	0.0020	0.0029	1.0010	0.4883	0.7324	0.0610	-0.1923	-0.1428	0.7581	23.4500	-729	2664	-1531 
0x50	07:22:09.296	0.0020	0.0059	0.9995	0.4883	-0.3052	0.1831	-0.1868	-0.1428	0.7745	23.4500	-729	2663	-1531 
0x50	07:22:09.306	0.0029	0.0068	1.0000	-0.4272	-0.7324	0.0000	-0.1868	-0.1428	0.7910	23.4500	-729	2663	-1530 
0x50	07:22:09.316	0.0029	0.0039	0.9985	-0.3662	-0.2441	-0.2441	-0.1813	-0.1428	0.8075	23.4500	-729	2663	-1530 
0x50	07:22:09.326	0.0044	0.0015	1.0010	-0.9766	-0.1831	-0.9155	-0.1813	-0.1428	0.8240	23.4500	-730	2663	-1530 
0x50	07:22:09.336	0.0015	-0.0005	1.0000	-0.9766	-0.3052	-0.2441	-0.1813	-0.1428	0.8405	23.4500	-730	2663	-1529 
0x50	07:22:09.346	0.0015	-0.0020	1.0010	-0.7324	0.0610	0.2441	-0.1868	-0.1428	0.8569	23.4500	-730	2663	-1530 
0x50	07:22:09.356	0.0005	-0.0005	1.0000	-0.3662	0.4883	0.5493	-0.1813	-0.1428	0.8734	23.4500	-730	2664	-1530 
0x50	07:22:09.366	0.0005	0.0000	0.9995	0.0000	0.6714	0.4272	-0.1813	-0.1428	0.8899	23.4500	-730	2664	-1529 
0x50	07:22:09.376	0.0015	0.0029	0.9995	0.0000	0.4883	0.0000	-0.1813	-0.1428	0.9064	23.4500	-730	2664	-1530 
0x50	07:22:09.386	0.0020	0.0044	0.9995	-0.3052	0.7935	0.2441	-0.1813	-0.1373	0.9174	23.4500	-730	2664	-1529 
0x50	07:22:09.396	0.0034	0.0029	1.0000	0.1221	-0.0610	0.1221	-0.1758	-0.1373	0.9338	23.4500	-730	2664	-1529 
0x50	07:22:09.406	0.0034	0.0039	1.0000	0.0000	-0.1221	0.0000	-0.1758	-0.1373	0.9503	23.4500	-730	2664	-1529 
0x50	07:22:09.417	0.0044	0.0029	1.0010	-0.4883	0.0000	-0.3662	-0.1758	-0.1373	0.9668	23.4500	-731	2664	-1529 
0x50	07:22:09.427	0.0044	0.0010	0.9995	-0.4272	-0.4883	-1.0376	-0.1758	-0.1428	0.9833	23.4500	-731	2664	-1529 
0x50	07:22:09.452	0.0034	-0.0005	0.9995	0.1221	-0.3662	-0.1831	-0.1703	-0.1428	0.9943	23.4500	-731	2664	-1529 
0x50	07:22:09.452	0.0044	-0.0015	0.9985	-0.2441	-0.1831	-0.2441	-0.1703	-0.1428	1.0107	23.4500	-731	2664	-1529 
0x50	07:22:09.456	0.0044	0.0010	1.0010	-0.3662	0.4272	0.2441	-0.1703	-0.1428	1.0272	23.4500	-731	2664	-1530 
0x50	07:22:09.466	0.0020	0.0029	1.0000	1.0376	0.1831	-0.2441	-0.1703	-0.1428	1.0437	23.4500	-731	2664	-1531 
0x50	07:22:09.476	0.0029	0.0029	1.0000	0.1221	0.0000	0.1221	-0.1648	-0.1428	1.0547	23.4500	-731	2664	-1531 
0x50	07:22:09.486	0.0034	0.0054	0.9995	0.0000	-0.0610	0.4272	-0.1648	-0.1428	1.0712	23.4500	-730	2664	-1531 
0x50	07:22:09.496	0.0005	0.0039	0.9995	0.0000	0.1221	0.3662	-0.1648	-0.1428	1.0876	23.4500	-730	2664	-1531 
0x50	07:22:09.506	0.0015	0.0029	0.9985	-1.0376	0.2441	-0.1221	-0.1593	-0.1428	1.1041	23.4500	-730	2663	-1531 
0x50	07:22:09.515	0.0015	0.0000	0.9995	-0.5493	0.3052	-0.5493	-0.1593	-0.1428	1.1151	23.4500	-731	2663	-1532 
0x50	07:22:09.526	0.0020	-0.0005	1.0000	-0.2441	-0.0610	-0.6104	-0.1593	-0.1428	1.1316	23.4000	-731	2663	-1532 
0x50	07:22:09.536	0.0015	-0.0020	1.0010	-0.0610	-0.3662	-0.3662	-0.1593	-0.1428	1.1426	23.4500	-730	2663	-1532 
0x50	07:22:09.546	0.0029	-0.0005	0.9995	0.0000	0.0000	0.3052	-0.1593	-0.1428	1.1591	23.4000	-730	2663	-1532 
0x50	07:22:09.556	0.0034	0.0024	1.0010	-0.4272	0.1831	0.1221	-0.1593	-0.1428	1.1700	23.4500	-730	2663	-1532 
0x50	07:22:09.566	0.0029	0.0039	0.9985	0.6104	0.7324	0.4272	-0.1593	-0.1373	1.1865	23.4500	-730	2664	-1531 
0x50	07:22:09.576	0.0020	0.0059	0.9995	0.6714	0.5493	-0.2441	-0.1538	-0.1373	1.2030	23.4500	-730	2664	-1531 
0x50	07:22:09.586	0.0020	0.0059	1.0000	0.0000	-0.3662	0.0000	-0.1483	-0.1373	1.2140	23.4500	-730	2664	-1531 
0x50	07:22:09.596	0.0020	0.0039	1.0000	-0.1221	-0.6104	0.3662	-0.1483	-0.1373	1.2305	23.4500	-730	2663	-1530 
0x50	07:22:09.606	0.0020	0.0010	1.0000	-0.2441	-0.4272	-0.7935	-0.1483	-0.1373	1.2415	23.4500	-731	2663	-1530 
0x50	07:22:09.616	0.0044	-0.0034	1.0010	-1.5869	-0.7935	-1.1597	-0.1483	-0.1428	1.2524	23.4500	-731	2663	-1530 
0x50	07:22:09.626	0.0044	-0.0034	1.0000	-0.0610	-0.3052	-1.6479	-0.1483	-0.1428	1.2689	23.4500	-730	2664	-1530 
0x50	07:22:09.636	0.0059	-0.0020	1.0010	0.2441	0.2441	-0.5493	-0.1483	-0.1428	1.2799	23.4500	-730	2664	-1530 
0x50	07:22:09.646	0.0034	0.0010	0.9995	-0.5493	-0.0610	0.1831	-0.1483	-0.1428	1.2909	23.4500	-730	2664	-1530 
0x50	07:22:09.677	0.0049	0.0015	1.0000	-0.3052	-0.7324	-0.0610	-0.1483	-0.1428	1.3074	23.4000	-730	2663	-1530 
0x50	07:22:09.677	0.0059	0.0044	0.9985	0.1831	-0.3052	0.3052	-0.1483	-0.1428	1.3239	23.4500	-730	2664	-1530 
0x50	07:22:09.677	0.0044	0.0059	0.9985	0.1221	-0.2441	-0.0610	-0.1428	-0.1483	1.3348	23.4500	-730	2663	-1531 
0x50	07:22:09.686	0.0049	0.0054	1.0010	-0.3052	0.0000	0.0000	-0.1428	-0.1483	1.3513	23.4500	-730	2663	-1531 
0x50	07:22:09.696	0.0029	0.0015	0.9995	0.0610	-0.0610	-0.1221	-0.1373	-0.1483	1.3623	23.4500	-730	2663	-1531 
0x50	07:22:09.706	0.0034	-0.0005	1.0000	0.1831	-0.1831	-0.0610	-0.1373	-0.1483	1.3733	23.5000	-730	2663	-1531 
0x50	07:22:09.716	0.0015	-0.0029	1.0000	-0.1221	-0.0610	-0.1831	-0.1373	-0.1483	1.3898	23.4500	-730	2663	-1530 
0x50	07:22:09.727	0.0005	-0.0020	1.0000	0.0610	0.3052	-0.6104	-0.1373	-0.1483	1.4008	23.4500	-730	2663	-1530 
0x50	07:22:09.737	0.0020	-0.0005	1.0010	0.3662	0.1831	-0.1221	-0.1373	-0.1483	1.4117	23.4000	-730	2663	-1529 
0x50	07:22:09.746	0.0015	0.0024	1.0015	-0.2441	-0.0610	0.0000	-0.1373	-0.1483	1.4227	23.4500	-731	2663	-1529 
0x50	07:22:09.757	0.0015	0.0024	1.0015	0.0000	0.2441	0.0000	-0.1373	-0.1428	1.4337	23.4500	-731	2663	-1529 
0x50	07:22:09.766	0.0029	0.0044	1.0000	-0.1831	-0.0610	0.0610	-0.1318	-0.1428	1.4502	23.4500	-730	2663	-1528 
0x50	07:22:09.776	0.0020	0.0039	0.9985	-0.5493	-0.3662	0.1221	-0.1318	-0.1428	1.4612	23.4500	-730	2663	-1528 
0x50	07:22:09.786	0.0044	0.0024	0.9985	-1.0376	-0.1831	-0.5493	-0.1318	-0.1483	1.4722	23.4500	-731	2663	-1529 
0x50	07:22:09.796	0.0049	0.0010	0.9980	0.3052	0.4272	-0.7935	-0.1318	-0.1483	1.4832	23.4500	-731	2663	-1529 
0x50	07:22:09.806	0.0044	0.0024	1.0015	0.0610	0.9155	-0.1221	-0.1318	-0.1483	1.4996	23.4500	-731	2664	-1528 
0x50	07:22:09.816	0.0034	0.0010	1.0024	-0.3052	0.0000	0.6104	-0.1318	-0.1483	1.5106	23.4500	-731	2664	-1529 
0x50	07:22:09.826	0.0044	-0.0020	0.9985	-0.1221	-0.4272	0.0610	-0.1318	-0.1483	1.5216	23.4500	-731	2664	-1528 
0x50	07:22:09.837	0.0034	-0.0029	0.9980	-0.1221	-0.3662	-0.1831	-0.1318	-0.1483	1.5326	23.4500	-731	2664	-1529 
0x50	07:22:09.846	0.0029	0.0000	0.9995	-0.3052	0.4272	0.0000	-0.1318	-0.1483	1.5491	23.4500	-731	2664	-1529 
0x50	07:22:09.856	0.0015	0.0010	1.0010	0.1831	1.2817	0.4272	-0.1263	-0.1483	1.5601	23.4500	-731	2664	-1530 
0x50	07:22:09.866	0.0029	0.0044	1.0015	0.7324	0.5493	0.6714	-0.1263	-0.1428	1.5710	23.4500	-731	2663	-1530 
0x50	07:22:09.876	0.0020	0.0068	0.9995	-0.1831	-0.0610	0.6714	-0.1208	-0.1428	1.5820	23.4000	-731	2663	-1530 
0x50	07:22:09.903	0.0015	0.0029	0.9971	-0.1831	-0.9155	-0.0610	-0.1208	-0.1428	1.5985	23.4500	-732	2663	-1530 
0x50	07:22:09.903	0.0005	0.0015	0.9995	-0.9155	-0.0610	-0.3052	-0.1208	-0.1428	1.6095	23.4500	-731	2663	-1530 
0x50	07:22:09.906	0.0000	0.0010	1.0010	-0.1831	0.4883	-0.6714	-0.1208	-0.1428	1.6150	23.4500	-731	2664	-1531 
0x50	07:22:09.916	-0.0024	0.0000	1.0015	-0.3052	0.3662	-1.1597	-0.1208	-0.1428	1.6260	23.4500	-731	2664	-1531 
0x50	07:22:09.926	-0.0015	0.0015	1.0010	-0.6714	0.0000	-0.7935	-0.1208	-0.1373	1.6370	23.4500	-731	2664	-1531 
0x50	07:22:09.936	-0.0024	0.0039	0.9995	-0.4883	0.0000	-0.0610	-0.1208	-0.1373	1.6479	23.4500	-731	2664	-1531 
0x50	07:22:09.946	-0.0015	0.0059	0.9971	-0.4272	0.1831	-0.6714	-0.1154	-0.1373	1.6589	23.4500	-731	2663	-1532 
0x50	07:22:09.956	0.0005	0.0044	0.9985	-0.1221	-0.1831	-0.8545	-0.1154	-0.1373	1.6644	23.4500	-731	2663	-1531 
0x50	07:22:09.966	0.0015	0.0029	1.0000	-0.4883	0.0610	-1.0376	-0.1154	-0.1373	1.6754	23.4500	-731	2663	-1531 
0x50	07:22:09.976	0.0044	0.0010	1.0029	-0.8545	0.2441	-0.7935	-0.1154	-0.1373	1.6864	23.4500	-731	2663	-1531 
0x50	07:22:09.986	0.0063	-0.0020	1.0039	-0.8545	-0.1831	-0.8545	-0.1154	-0.1373	1.6974	23.4500	-731	2664	-1531 
0x50	07:22:09.996	0.0093	-0.0034	1.0015	-0.5493	-0.7935	-0.6104	-0.1154	-0.1373	1.7084	23.4000	-731	2664	-1531 
0x50	07:22:10.006	0.0117	-0.0034	0.9980	-0.9155	-0.6714	-0.0610	-0.1154	-0.1428	1.7194	23.4500	-731	2664	-1530 
0x50	07:22:10.016	0.0107	-0.0015	0.9995	0.0000	0.4272	0.2441	-0.1208	-0.1483	1.7303	23.4500	-731	2663	-1530 
0x50	07:22:10.027	0.0117	0.0029	1.0000	0.6714	0.0610	0.6104	-0.1154	-0.1483	1.7468	23.4500	-731	2664	-1530 
0x50	07:22:10.036	0.0093	0.0039	1.0024	0.4272	0.1831	0.3052	-0.1154	-0.1483	1.7578	23.4500	-731	2663	-1530 
0x50	07:22:10.046	0.0088	0.0010	0.9995	-0.2441	0.1831	0.3662	-0.1099	-0.1538	1.7688	23.4500	-731	2663	-1530 
0x50	07:22:10.076	0.0059	-0.0015	0.9985	-0.3052	0.1221	0.2441	-0.1099	-0.1538	1.7798	23.4500	-731	2663	-1530 
0x50	07:22:10.076	0.0020	0.0000	1.0000	0.7935	0.6104	0.2441	-0.1099	-0.1538	1.7908	23.4500	-732	2663	-1530 
0x50	07:22:10.076	-0.0010	0.0015	0.9995	1.1597	0.3662	0.4272	-0.1099	-0.1538	1.8018	23.4500	-731	2663	-1531 
0x50	07:22:10.086	-0.0049	0.0039	1.0010	0.3662	0.3662	0.3052	-0.1044	-0.1483	1.8127	23.4000	-731	2663	-1532 
0x50	07:22:10.096	-0.0039	0.0039	0.9985	-0.3052	-0.1221	0.8545	-0.1044	-0.1483	1.8237	23.4500	-730	2663	-1532 
0x50	07:22:10.106	-0.0049	0.0054	0.9995	0.5493	0.4272	0.6714	-0.1044	-0.1428	1.8292	23.5000	-730	2663	-1531 
0x50	07:22:10.116	-0.0024	0.0054	0.9971	0.3052	0.1221	-0.0610	-0.0989	-0.1428	1.8402	23.4500	-730	2663	-1531 
0x50	07:22:10.126	-0.0015	0.0039	1.0000	-0.4272	-0.4883	0.3662	-0.0989	-0.1373	1.8512	23.4500	-730	2663	-1531 
0x50	07:22:10.136	-0.0010	0.0010	1.0010	-0.3052	-0.4883	0.3052	-0.0989	-0.1373	1.8622	23.4500	-730	2663	-1531 
0x50	07:22:10.146	0.0015	-0.0005	1.0015	-0.5493	-0.2441	-0.4883	-0.0989	-0.1373	1.8677	23.4500	-730	2663	-1531 
0x50	07:22:10.156	0.0049	-0.0015	1.0010	-0.5493	-0.3662	0.4883	-0.0989	-0.1373	1.8787	23.4000	-731	2663	-1531 
0x50	07:22:10.166	0.0088	0.0000	0.9995	-0.7324	-0.5493	0.1831	-0.0989	-0.1428	1.8896	23.4000	-731	2663	-1530 
0x50	07:22:10.176	0.0078	0.0029	0.9995	-0.3052	-0.3052	0.2441	-0.0989	-0.1428	1.9006	23.4500	-731	2663	-1530 
0x50	07:22:10.186	0.0073	0.0029	1.0000	0.3662	-0.3052	-0.1221	-0.0934	-0.1483	1.9116	23.4500	-731	2663	-1530 
0x50	07:22:10.196	0.0073	-0.0015	1.0024	-0.3052	0.1831	-0.7324	-0.0934	-0.1483	1.9226	23.4500	-730	2663	-1530 
0x50	07:22:10.206	0.0059	-0.0063	1.0015	-0.2441	0.4272	-1.3428	-0.0989	-0.1483	1.9336	23.4000	-730	2663	-1530 
0x50	07:22:10.216	0.0063	-0.0078	1.0010	0.0610	-0.4272	-1.2207	-0.0989	-0.1483	1.9391	23.4500	-730	2663	-1530 
0x50	07:22:10.226	0.0044	-0.0029	1.0000	0.8545	-0.2441	-0.1221	-0.0989	-0.1483	1.9501	23.4500	-729	2663	-1530 
0x50	07:22:10.251	0.0029	0.0059	0.9980	0.8545	0.0000	0.5493	-0.0989	-0.1538	1.9611	23.4500	-730	2663	-1531 
0x50	07:22:10.251	-0.0010	0.0117	0.9985	0.6714	0.8545	0.4272	-0.0934	-0.1483	1.9720	23.4500	-730	2663	-1531 
0x50	07:22:10.256	0.0005	0.0132	0.9995	0.7324	0.4272	0.4272	-0.0879	-0.1483	1.9775	23.4500	-730	2664	-1532 
0x50	07:22:10.266	-0.0010	0.0098	0.9995	-0.3662	0.2441	0.3662	-0.0824	-0.1483	1.9885	23.4500	-730	2664	-1532 
0x50	07:22:10.276	-0.0024	0.0015	0.9980	-1.2207	0.3052	-0.6714	-0.0824	-0.1428	1.9995	23.4500	-730	2664	-1532 
0x50	07:22:10.285	0.0000	-0.0029	1.0010	-1.3428	0.5493	-0.7324	-0.0824	-0.1428	2.0050	23.4500	-730	2664	-1532 
0x50	07:22:10.296	-0.0034	-0.0068	1.0000	-0.6714	0.1831	-0.4272	-0.0879	-0.1428	2.0105	23.4000	-730	2664	-1532 
0x50	07:22:10.306	-0.0015	-0.0039	0.9995	-0.0610	0.8545	0.0610	-0.0879	-0.1373	2.0215	23.4500	-730	2664	-1532 
0x50	07:22:10.315	0.0000	0.0010	0.9995	0.3662	0.6714	0.4272	-0.0879	-0.1373	2.0270	23.4500	-730	2664	-1532 
0x50	07:22:10.326	0.0020	0.0054	0.9985	-0.3052	0.2441	0.6714	-0.0879	-0.1373	2.0380	23.4000	-730	2664	-1532 
0x50	07:22:10.336	0.0029	0.0059	0.9985	-1.0376	-0.0610	-0.6104	-0.0824	-0.1373	2.0490	23.4500	-730	2664	-1532 
0x50	07:22:10.346	0.0029	0.0039	1.0000	-0.4272	-0.1221	-1.3428	-0.0824	-0.1373	2.0544	23.4500	-731	2664	-1531 
0x50	07:22:10.356	0.0034	-0.0005	1.0010	-0.3052	0.1221	-1.4648	-0.0824	-0.1373	2.0599	23.4500	-731	2664	-1531 
0x50	07:22:10.366	0.0059	-0.0034	1.0029	-0.5493	0.1831	-1.1597	-0.0824	-0.1373	2.0709	23.4500	-731	2664	-1530 
0x50	07:22:10.376	0.0073	-0.0020	0.9995	-0.1831	-0.2441	-0.1831	-0.0879	-0.1373	2.0764	23.4500	-730	2664	-1530 
0x50	07:22:10.386	0.0088	0.0010	0.9995	0.7324	0.1221	0.1831	-0.0824	-0.1373	2.0874	23.4500	-730	2664	-1530 
0x50	07:22:10.396	0.0088	0.0039	1.0000	0.4883	-0.4272	-0.0610	-0.0824	-0.1428	2.0984	23.4500	-729	2664	-1530 
0x50	07:22:10.406	0.0073	0.0044	1.0000	0.3662	0.4272	0.8545	-0.0824	-0.1428	2.1094	23.4500	-729	2664	-1530 
0x50	07:22:10.416	0.0059	0.0029	1.0010	0.3662	0.6104	0.9155	-0.0769	-0.1428	2.1204	23.4500	-729	2664	-1530 
0x50	07:22:10.426	0.0049	-0.0005	1.0000	-0.1831	0.3052	-0.3662	-0.0769	-0.1428	2.1313	23.4500	-730	2663	-1530 
0x50	07:22:10.436	0.0044	-0.0049	1.0010	-0.4883	0.6104	-0.6714	-0.0769	-0.1428	2.1368	23.4500	-730	2664	-1530 
0x50	07:22:10.446	0.0029	-0.0054	1.0000	0.1831	0.0000	-0.7324	-0.0824	-0.1428	2.1423	23.4500	-730	2664	-1530 
0x50	07:22:10.476	0.0015	-0.0015	1.0015	0.8545	-0.3052	0.3662	-0.0824	-0.1428	2.1533	23.4500	-730	2664	-1531 
0x50	07:22:10.476	0.0000	0.0029	1.0010	0.3662	0.0000	1.1597	-0.0769	-0.1428	2.1588	23.4500	-730	2664	-1531 
0x50	07:22:10.476	-0.0010	0.0073	0.9995	0.7935	0.3052	0.5493	-0.0769	-0.1428	2.1698	23.4500	-730	2664	-1532 
0x50	07:22:10.486	-0.0024	0.0073	0.9985	0.1831	0.0610	0.3662	-0.0714	-0.1373	2.1753	23.4500	-730	2664	-1532 
0x50	07:22:10.496	-0.0010	0.0068	0.9995	-0.3052	0.4883	-0.3662	-0.0714	-0.1373	2.1863	23.4500	-730	2664	-1532 
0x50	07:22:10.506	-0.0034	0.0044	1.0010	-0.2441	0.1221	-0.7935	-0.0659	-0.1373	2.1918	23.4500	-730	2664	-1532 
0x50	07:22:10.516	-0.0015	0.0029	1.0000	-0.0610	0.4272	-0.1831	-0.0659	-0.1318	2.1973	23.4500	-730	2664	-1532 
0x50	07:22:10.526	-0.0015	0.0039	0.9995	-0.4272	0.7324	0.1221	-0.0659	-0.1318	2.2083	23.4500	-731	2664	-1531 
0x50	07:22:10.536	-0.0010	0.0029	0.9980	-0.8545	-0.1221	-0.1831	-0.0659	-0.1318	2.2137	23.4500	-731	2664	-1531 
0x50	07:22:10.545	0.0059	0.0039	0.9961	-1.0376	0.0610	-0.2441	-0.0659	-0.1318	2.2192	23.4500	-730	2664	-1532 
0x50	07:22:10.555	0.0029	0.0015	1.0000	-1.4648	-0.4272	-1.0986	-0.0659	-0.1318	2.2302	23.4500	-730	2663	-1532 
0x50	07:22:10.565	0.0073	-0.0029	1.0000	0.0610	-0.4272	-1.4038	-0.0659	-0.1318	2.2357	23.4500	-730	2663	-1531 
0x50	07:22:10.575	0.0073	-0.0015	1.0024	0.0000	0.0000	0.0000	-0.0659	-0.1318	2.2412	23.4500	-730	2664	-1531 
0x50	07:22:10.600	0.0073	-0.0034	1.0010	0.0000	0.0000	0.0000	-0.0659	-0.1373	2.2522	23.4500	-730	2664	-1530 
0x50	07:22:10.601	0.0073	-0.0029	1.0044	0.0000	0.0000	0.0000	-0.0659	-0.1373	2.2577	23.4500	-730	2664	-1531 
0x50	07:22:10.605	0.0073	0.0015	1.0024	0.0000	0.0000	0.0000	-0.0659	-0.1373	2.2687	23.4500	-730	2663	-1532 
0x50	07:22:10.615	0.0073	0.0015	1.0015	0.0000	0.0000	0.0000	-0.0659	-0.1428	2.2742	23.4500	-729	2663	-1533 
0x50	07:22:10.625	0.0059	0.0044	1.0000	0.0000	0.0000	0.0000	-0.0659	-0.1428	2.2852	23.4500	-730	2664	-1533 
0x50	07:22:10.636	0.0044	0.0029	0.9995	0.0000	0.0000	0.0000	-0.0659	-0.1428	2.2906	23.4500	-729	2664	-1533 
0x50	07:22:10.645	0.0005	0.0024	0.9995	0.0000	0.0000	0.0000	-0.0659	-0.1428	2.3016	23.4500	-730	2664	-1532 
0x50	07:22:10.655	-0.0010	0.0010	1.0000	0.0000	0.0000	0.0000	-0.0659	-0.1428	2.3071	23.4500	-730	2664	-1533 
0x50	07:22:10.665	-0.0024	-0.0005	1.0000	0.0000	0.0000	0.0000	-0.0659	-0.1428	2.3126	23.4000	-730	2664	-1533 
0x50	07:22:10.675	-0.0034	0.0015	1.0000	0.0000	0.0000	0.0000	-0.0604	-0.1373	2.3181	23.4500	-730	2664	-1533 
0x50	07:22:10.699	-0.0039	0.0039	1.0010	0.0000	0.0000	0.0000	-0.0604	-0.1373	2.3236	23.4500	-730	2663	-1532 
0x50	07:22:10.699	-0.0024	0.0054	1.0000	0.0000	0.0000	0.0000	-0.0604	-0.1318	2.3346	23.4500	-730	2663	-1532 
0x50	07:22:10.705	-0.0024	0.0044	1.0000	0.0000	0.0000	0.0000	-0.0549	-0.1318	2.3401	23.4500	-730	2663	-1532 
0x50	07:22:10.716	0.0005	0.0024	0.9995	0.0000	0.0000	0.0000	-0.0549	-0.1318	2.3456	23.4500	-731	2663	-1532 
0x50	07:22:10.726	0.0029	0.0024	1.0010	0.0000	0.0000	0.0000	-0.0549	-0.1318	2.3511	23.4500	-731	2663	-1531 
0x50	07:22:10.735	0.0049	0.0024	1.0010	0.0000	0.0000	0.0000	-0.0549	-0.1318	2.3621	23.4500	-730	2663	-1531 
0x50	07:22:10.746	0.0049	0.0024	1.0000	0.0000	0.0000	0.0000	-0.0549	-0.1318	2.3676	23.4500	-731	2663	-1531 
0x50	07:22:10.755	0.0044	0.0015	1.0000	0.0000	0.0000	0.0000	-0.0549	-0.1318	2.3730	23.4500	-731	2663	-1532 
0x50	07:22:10.780	0.0063	-0.0005	0.9995	0.0000	0.0000	0.0000	-0.0549	-0.1373	2.3840	23.4500	-731	2663	-1531 
0x50	07:22:10.781	0.0059	0.0000	0.9995	0.0000	0.0000	0.0000	-0.0549	-0.1373	2.3895	23.4500	-731	2663	-1532 
0x50	07:22:10.785	0.0059	-0.0020	1.0000	0.0000	0.0000	0.0000	-0.0549	-0.1373	2.3950	23.4500	-730	2663	-1532 
0x50	07:22:10.795	0.0029	-0.0015	1.0000	0.0000	0.0000	0.0000	-0.0549	-0.1373	2.4060	23.4500	-730	2663	-1533 
0x50	07:22:10.805	0.0020	-0.0005	0.9995	0.0000	0.0000	0.0000	-0.0549	-0.1373	2.4115	23.4500	-731	2664	-1532 
0x50	07:22:10.815	0.0034	0.0010	1.0000	0.0000	0.0000	0.0000	-0.0549	-0.1373	2.4170	23.4500	-731	2664	-1532 
0x50	07:22:10.825	0.0015	0.0029	0.9985	0.0000	0.0000	0.0000	-0.0494	-0.1373	2.4225	23.4000	-731	2664	-1531 
0x50	07:22:10.835	0.0015	0.0039	1.0015	0.0000	0.0000	0.0000	-0.0494	-0.1373	2.4335	23.4500	-730	2664	-1533 
0x50	07:22:10.845	-0.0010	0.0044	0.9995	0.0000	0.0000	0.0000	-0.0494	-0.1373	2.4390	23.4500	-730	2664	-1532 
0x50	07:22:10.875	0.0000	0.0039	1.0000	0.0000	0.0000	0.0000	-0.0494	-0.1373	2.4445	23.4500	-730	2664	-1532 
0x50	07:22:10.875	0.0000	0.0015	1.0000	0.0000	0.0000	0.0000	-0.0439	-0.1373	2.4500	23.4500	-730	2664	-1532 
0x50	07:22:10.875	0.0015	0.0010	1.0010	0.0000	0.0000	0.0000	-0.0439	-0.1373	2.4554	23.4500	-730	2663	-1533 
0x50	07:22:10.898	0.0015	0.0010	1.0000	0.0000	0.0000	0.0000	-0.0439	-0.1318	2.4609	23.4500	-730	2663	-1534 
0x50	07:22:10.898	0.0015	0.0029	0.9980	0.0000	0.0000	0.0000	-0.0439	-0.1318	2.4664	23.4500	-730	2663	-1534 
0x50	07:22:10.905	0.0034	0.0024	1.0000	0.0000	0.0000	0.0000	-0.0439	-0.1318	2.4774	23.4500	-730	2663	-1534 
0x50	07:22:10.915	0.0044	0.0024	0.9980	0.0000	0.0000	0.0000	-0.0439	-0.1373	2.4829	23.4500	-730	2663	-1535 
0x50	07:22:10.925	0.0015	0.0024	1.0000	0.0000	0.0000	0.0000	-0.0439	-0.1318	2.4884	23.4500	-730	2663	-1535 
0x50	07:22:10.935	0.0020	0.0000	1.0000	0.0000	0.0000	0.0000	-0.0439	-0.1318	2.4939	23.4500	-730	2663	-1534 
0x50	07:22:10.945	0.0034	0.0015	0.9995	0.0000	0.0000	0.0000	-0.0385	-0.1318	2.4994	23.4500	-730	2663	-1534 
0x50	07:22:10.955	0.0034	0.0010	0.9980	0.0000	0.0000	0.0000	-0.0385	-0.1373	2.5049	23.4500	-730	2663	-1534 
0x50	07:22:10.965	0.0044	0.0015	1.0000	0.0000	0.0000	0.0000	-0.0385	-0.1373	2.5159	23.4500	-729	2663	-1534 
0x50	07:22:10.975	0.0059	0.0024	0.9995	0.0000	0.0000	0.0000	-0.0385	-0.1373	2.5214	23.4500	-729	2663	-1534 
0x50	07:22:10.985	0.0034	0.0029	1.0015	0.0000	0.0000	0.0000	-0.0385	-0.1373	2.5269	23.4500	-730	2663	-1533 
0x50	07:22:10.995	0.0029	0.0010	0.9995	0.0000	0.0000	0.0000	-0.0385	-0.1373	2.5323	23.4500	-730	2663	-1533 
0x50	07:22:11.005	0.0020	0.0000	0.9995	0.0000	0.0000	0.0000	-0.0385	-0.1373	2.5378	23.4500	-730	2663	-1532 
0x50	07:22:11.015	0.0029	0.0000	1.0010	0.0000	0.0000	0.0000	-0.0385	-0.1373	2.5433	23.4500	-730	2663	-1532 
0x50	07:22:11.025	0.0020	-0.0005	1.0010	0.0000	0.0000	0.0000	-0.0385	-0.1373	2.5488	23.4500	-730	2663	-1531 
0x50	07:22:11.035	0.0015	0.0015	1.0000	0.0000	0.0000	0.0000	-0.0385	-0.1373	2.5543	23.4500	-730	2663	-1532 
0x50	07:22:11.045	0.0015	0.0039	1.0000	0.0000	0.0000	0.0000	-0.0330	-0.1373	2.5598	23.4500	-730	2663	-1532 
0x50	07:22:11.055	0.0015	0.0044	1.0000	0.0000	0.0000	0.0000	-0.0330	-0.1373	2.5653	23.4500	-730	2663	-1532 
0x50	07:22:11.065	0.0044	0.0039	1.0000	0.0000	0.0000	0.0000	-0.0330	-0.1373	2.5763	23.4500	-730	2663	-1533 
0x50	07:22:11.075	0.0005	0.0024	0.9980	0.0000	0.0000	0.0000	-0.0330	-0.1373	2.5818	23.4500	-730	2663	-1533 
0x50	07:22:11.099	0.0015	0.0010	1.0015	0.0000	0.0000	0.0000	-0.0330	-0.1318	2.5873	23.4500	-731	2663	-1532 
0x50	07:22:11.099	0.0020	0.0000	1.0000	0.0000	0.0000	0.0000	-0.0330	-0.1318	2.5928	23.4500	-731	2663	-1533 
0x50	07:22:11.105	0.0034	0.0000	0.9995	0.0000	0.0000	0.0000	-0.0330	-0.1318	2.5983	23.4500	-731	2663	-1533 
0x50	07:22:11.115	0.0049	-0.0015	1.0010	0.0000	0.0000	0.0000	-0.0330	-0.1373	2.6038	23.4500	-730	2663	-1533 
0x50	07:22:11.125	0.0059	0.0015	1.0010	0.0000	0.0000	0.0000	-0.0330	-0.1373	2.6093	23.4000	-731	2663	-1532 
0x50	07:22:11.135	0.0049	0.0039	0.9995	0.0000	0.0000	0.0000	-0.0275	-0.1373	2.6147	23.4500	-731	2663	-1533 
0x50	07:22:11.145	0.0034	0.0039	1.0000	0.0000	0.0000	0.0000	-0.0275	-0.1373	2.6202	23.4500	-731	2663	-1533 
0x50	07:22:11.155	0.0044	0.0024	1.0000	0.0000	0.0000	0.0000	-0.0275	-0.1373	2.6257	23.4500	-731	2663	-1532 
0x50	07:22:11.165	0.0044	0.0024	1.0000	0.0000	0.0000	0.0000	-0.0275	-0.1373	2.6312	23.4500	-731	2663	-1532 
0x50	07:22:11.175	0.0020	0.0024	1.0000	0.0000	0.0000	0.0000	-0.0275	-0.1373	2.6367	23.4500	-731	2663	-1531 
0x50	07:22:11.185	0.0020	0.0015	0.9995	0.0000	0.0000	0.0000	-0.0275	-0.1373	2.6422	23.4500	-732	2663	-1531 
0x50	07:22:11.195	0.0005	0.0024	0.9985	0.0000	0.0000	0.0000	-0.0220	-0.1373	2.6477	23.4500	-731	2663	-1531 
0x50	07:22:11.205	0.0005	0.0015	1.0010	0.0000	0.0000	0.0000	-0.0220	-0.1373	2.6532	23.4500	-731	2663	-1531 
0x50	07:22:11.215	-0.0010	0.0010	1.0000	0.0000	0.0000	0.0000	-0.0220	-0.1373	2.6532	23.4500	-731	2663	-1531 
0x50	07:22:11.225	0.0000	0.0010	1.0015	0.0000	0.0000	0.0000	-0.0220	-0.1373	2.6587	23.4500	-731	2663	-1531 
0x50	07:22:11.235	0.0005	0.0010	0.9995	0.0000	0.0000	0.0000	-0.0220	-0.1318	2.6642	23.5000	-731	2663	-1531 
0x50	07:22:11.246	0.0005	0.0015	0.9995	0.0000	0.0000	0.0000	-0.0220	-0.1318	2.6697	23.4500	-732	2662	-1531 
0x50	07:22:11.273	0.0005	0.0029	1.0010	0.0000	0.0000	0.0000	-0.0220	-0.1318	2.6752	23.4500	-732	2662	-1531 
0x50	07:22:11.273	0.0044	0.0029	1.0010	0.0000	0.0000	0.0000	-0.0220	-0.1318	2.6807	23.4500	-732	2662	-1530 
0x50	07:22:11.275	0.0034	0.0015	0.9995	0.0000	0.0000	0.0000	-0.0220	-0.1318	2.6862	23.4500	-732	2662	-1531 
0x50	07:22:11.285	0.0034	0.0015	0.9985	0.0000	0.0000	0.0000	-0.0220	-0.1318	2.6917	23.4500	-731	2662	-1531 
0x50	07:22:11.295	0.0020	0.0010	1.0015	0.0000	0.0000	0.0000	-0.0165	-0.1318	2.6971	23.4500	-731	2662	-1531 
0x50	07:22:11.305	0.0034	0.0000	1.0010	0.0000	0.0000	0.0000	-0.0165	-0.1318	2.6971	23.4500	-732	2662	-1530 
0x50	07:22:11.315	0.0044	0.0000	1.0010	0.0000	0.0000	0.0000	-0.0165	-0.1373	2.7026	23.4500	-732	2662	-1531 
0x50	07:22:11.325	0.0034	0.0015	1.0000	0.0000	0.0000	0.0000	-0.0165	-0.1373	2.7081	23.4500	-731	2662	-1530 
0x50	07:22:11.335	0.0034	0.0029	1.0000	0.0000	0.0000	0.0000	-0.0165	-0.1373	2.7136	23.4500	-731	2662	-1530 
0x50	07:22:11.345	0.0020	0.0029	0.9985	0.0000	0.0000	0.0000	-0.0165	-0.1373	2.7191	23.4500	-732	2662	-1530 
0x50	07:22:11.355	0.0034	0.0015	1.0000	0.0000	0.0000	0.0000	-0.0165	-0.1373	2.7246	23.4500	-732	2662	-1531 
0x50	07:22:11.365	0.0029	0.0010	0.9985	0.0000	0.0000	0.0000	-0.0165	-0.1373	2.7301	23.4500	-732	2662	-1530 
0x50	07:22:11.375	0.0020	0.0010	0.9995	0.0000	0.0000	0.0000	-0.0165	-0.1373	2.7356	23.4500	-731	2662	-1530 
0x50	07:22:11.385	0.0020	0.0010	1.0010	0.0000	0.0000	0.0000	-0.0165	-0.1373	2.7411	23.4500	-731	2663	-1530 
0x50	07:22:11.395	0.0015	0.0029	0.9985	0.0000	0.0000	0.0000	-0.0165	-0.1373	2.7411	23.4500	-731	2662	-1530 
0x50	07:22:11.405	0.0015	0.0029	0.9985	0.0000	0.0000	0.0000	-0.0110	-0.1373	2.7466	23.5000	-732	2663	-1529 
0x50	07:22:11.415	0.0015	0.0024	1.0000	0.0000	0.0000	0.0000	-0.0110	-0.1373	2.7521	23.4500	-732	2663	-1530 
0x50	07:22:11.425	0.0020	0.0015	1.0000	0.0000	0.0000	0.0000	-0.0110	-0.1373	2.7576	23.4500	-732	2663	-1530 
0x50	07:22:11.435	0.0034	0.0010	1.0010	0.0000	0.0000	0.0000	-0.0110	-0.1373	2.7631	23.4500	-732	2662	-1530 
0x50	07:22:11.445	0.0020	0.0000	1.0010	0.0000	0.0000	0.0000	-0.0110	-0.1373	2.7631	23.4500	-733	2662	-1529 
0x50	07:22:11.455	0.0034	0.0010	1.0000	0.0000	0.0000	0.0000	-0.0110	-0.1373	2.7686	23.5000	-733	2663	-1530 
0x50	07:22:11.465	0.0034	0.0015	0.9995	0.0000	0.0000	0.0000	-0.0110	-0.1373	2.7740	23.4500	-732	2663	-1530 
0x50	07:22:11.475	0.0020	0.0024	1.0000	0.0000	0.0000	0.0000	-0.0110	-0.1373	2.7795	23.4500	-732	2663	-1531 
0x50	07:22:11.497	0.0020	0.0024	1.0000	0.0000	0.0000	0.0000	-0.0110	-0.1373	2.7795	23.4500	-732	2663	-1531 
0x50	07:22:11.497	0.0029	0.0015	0.9995	0.0000	0.0000	0.0000	-0.0110	-0.1373	2.7850	23.4500	-732	2663	-1531 
0x50	07:22:11.505	0.0015	0.0010	1.0010	0.0000	0.0000	0.0000	-0.0110	-0.1373	2.7905	23.4500	-732	2663	-1531 
0x50	07:22:11.515	0.0015	-0.0005	1.0010	0.0000	0.0000	0.0000	-0.0110	-0.1373	2.7960	23.4500	-732	2663	-1532 
0x50	07:22:11.525	0.0029	-0.0005	1.0024	0.0000	0.0000	0.0000	-0.0110	-0.1373	2.8015	23.4500	-732	2663	-1531 
0x50	07:22:11.535	0.0044	-0.0015	0.9995	0.0000	0.0000	0.0000	-0.0110	-0.1373	2.8015	23.4500	-733	2662	-1532 
0x50	07:22:11.545	0.0044	0.0000	0.9995	0.0000	0.0000	0.0000	-0.0110	-0.1373	2.8070	23.4500	-733	2662	-1531 
0x50	07:22:11.555	0.0093	-0.0034	0.9985	0.3662	0.1221	-9.9487	-0.0110	-0.1373	2.8015	23.4500	-733	2662	-1531 
0x50	07:22:11.565	-0.0049	0.0117	1.0010	1.0986	1.1597	-20.0195	-0.0055	-0.1373	2.7850	23.5000	-733	2662	-1531 
0x50	07:22:11.575	0.0029	0.0054	0.9995	0.5493	0.9155	-16.1133	-0.0055	-0.1318	2.7631	23.5000	-734	2662	-1532 
0x50	07:22:11.585	0.0020	0.0029	1.0000	-0.4272	0.1831	-7.7515	0.0000	-0.1318	2.7576	23.4500	-735	2662	-1532 
0x50	07:22:11.595	0.0015	0.0024	0.9995	-0.7935	-0.4883	-7.5073	0.0000	-0.1318	2.7521	23.4500	-735	2662	-1533 
0x50	07:22:11.605	0.0015	-0.0015	1.0010	-0.7935	0.1221	-2.8687	-0.0055	-0.1318	2.7521	23.4500	-735	2662	-1533 
0x50	07:22:11.615	0.0029	-0.0005	1.0000	-1.0376	0.3052	-0.6714	-0.0055	-0.1318	2.7521	23.4500	-736	2662	-1533 
0x50	07:22:11.625	0.0044	-0.0005	0.9995	-0.2441	0.1831	-1.1597	-0.0055	-0.1318	2.7576	23.4500	-736	2662	-1533 
0x50	07:22:11.635	0.0034	0.0024	1.0000	-0.0610	0.1831	-1.0376	-0.0055	-0.1318	2.7576	23.4500	-737	2662	-1533 
0x50	07:22:11.645	0.0029	0.0029	0.9995	0.0000	0.1221	-2.3193	-0.0055	-0.1318	2.7631	23.4500	-737	2662	-1533 
0x50	07:22:11.655	0.0020	0.0029	0.9995	-0.5493	0.4883	-2.2583	-0.0055	-0.1318	2.7631	23.4000	-737	2661	-1533 
0x50	07:22:11.664	0.0029	0.0000	1.0000	-0.1221	0.0000	-1.8921	-0.0055	-0.1318	2.7631	23.4500	-738	2661	-1532 
0x50	07:22:11.675	0.0034	-0.0005	1.0000	0.1831	0.6714	-2.0752	-0.0055	-0.1318	2.7631	23.4500	-738	2662	-1532 
0x50	07:22:11.685	0.0034	-0.0005	1.0010	0.0610	0.1221	-2.5024	-0.0055	-0.1318	2.7631	23.4500	-738	2661	-1531 
0x50	07:22:11.695	0.0029	0.0000	0.9995	0.1831	0.0000	-2.3804	-0.0055	-0.1318	2.7631	23.4500	-738	2661	-1532 
0x50	07:22:11.723	0.0029	0.0015	0.9995	0.0610	0.7324	-3.1128	-0.0055	-0.1318	2.7631	23.4500	-738	2661	-1531 
0x50	07:22:11.723	0.0034	0.0000	1.0000	-0.1221	0.2441	-5.1880	-0.0055	-0.1318	2.7631	23.4500	-739	2661	-1532 
0x50	07:22:11.725	0.0029	-0.0015	1.0015	0.3052	0.4883	-8.5449	-0.0055	-0.1318	2.7576	23.4500	-739	2661	-1533 
0x50	07:22:11.735	0.0015	0.0029	1.0015	0.2441	0.2441	-12.3291	-0.0055	-0.1318	2.7466	23.4500	-738	2661	-1534 
0x50	07:22:11.744	0.0000	0.0000	1.0015	-0.1831	0.9155	-13.4277	-0.0055	-0.1318	2.7356	23.4500	-738	2661	-1533 
0x50	07:22:11.755	0.0029	0.0010	1.0000	0.7324	0.7935	-10.8032	-0.0055	-0.1263	2.7246	23.4500	-739	2660	-1533 
0x50	07:22:11.765	-0.0010	0.0068	0.9995	0.1221	0.5493	-12.2070	0.0000	-0.1263	2.7136	23.4500	-740	2660	-1533 
0x50	07:22:11.775	0.0029	0.0029	0.9995	-0.7324	-0.2441	-8.0566	0.0000	-0.1263	2.7026	23.4500	-740	2660	-1533 
0x50	07:22:11.785	0.0020	0.0054	1.0010	-0.3052	-0.5493	-3.4180	0.0000	-0.1263	2.7026	23.4500	-741	2660	-1533 
0x50	07:22:11.794	0.0059	0.0000	0.9985	-0.4272	-0.1831	-4.3945	0.0000	-0.1263	2.7026	23.4500	-741	2659	-1533 
0x50	07:22:11.804	0.0020	0.0000	1.0000	-0.3662	0.4272	-6.5308	0.0000	-0.1263	2.6971	23.4500	-743	2659	-1533 
0x50	07:22:11.815	0.0020	0.0015	1.0015	-0.6104	-0.1831	-4.8218	0.0000	-0.1263	2.6917	23.4500	-744	2659	-1532 
0x50	07:22:11.824	0.0029	0.0000	1.0010	-0.5493	0.1221	-1.7090	0.0000	-0.1263	2.6917	23.4500	-745	2659	-1532 
0x50	07:22:11.834	0.0015	0.0000	1.0010	-0.4883	0.0000	-1.3428	0.0000	-0.1263	2.6917	23.4500	-745	2659	-1532 
0x50	07:22:11.845	0.0020	0.0015	1.0010	-0.3662	0.0000	0.0610	0.0000	-0.1263	2.6971	23.4500	-745	2659	-1531 
0x50	07:22:11.855	0.0029	0.0044	0.9995	0.3052	-0.1221	0.6714	0.0000	-0.1263	2.7026	23.4500	-746	2659	-1531 
0x50	07:22:11.865	0.0020	0.0029	1.0010	0.0610	0.4883	0.2441	0.0000	-0.1263	2.7026	23.4500	-746	2659	-1530 
0x50	07:22:11.875	0.0020	0.0029	0.9995	-0.1831	0.9155	-0.2441	0.0000	-0.1263	2.7081	23.4500	-746	2659	-1531 
0x50	07:22:11.893	0.0029	0.0015	0.9995	-0.4272	-0.1221	0.2441	0.0000	-0.1263	2.7081	23.4500	-746	2658	-1531 
0x50	07:22:11.894	0.0020	0.0000	1.0000	-0.5493	0.7324	-0.1221	0.0000	-0.1263	2.7136	23.4500	-746	2658	-1532 
0x50	07:22:11.905	0.0034	0.0010	1.0010	-0.6104	0.9155	0.6714	0.0000	-0.1263	2.7136	23.4500	-746	2658	-1532 
0x50	07:22:11.915	0.0034	0.0024	0.9995	0.3662	0.1831	1.6479	0.0000	-0.1208	2.7191	23.4500	-746	2659	-1533 
0x50	07:22:11.924	0.0034	0.0039	0.9995	-0.0610	0.0610	1.6479	0.0000	-0.1263	2.7246	23.4500	-746	2659	-1532 
0x50	07:22:11.935	0.0034	0.0024	0.9995	-0.1831	0.0610	1.0986	0.0000	-0.1263	2.7301	23.4500	-746	2659	-1532 
0x50	07:22:11.945	0.0029	0.0024	1.0000	-0.3662	-0.3662	0.7324	0.0000	-0.1263	2.7356	23.4500	-747	2659	-1531 
0x50	07:22:11.954	0.0034	0.0000	0.9995	-0.4272	-0.9766	0.8545	0.0000	-0.1263	2.7356	23.4500	-747	2659	-1531 
0x50	07:22:11.964	0.0020	-0.0015	1.0015	0.3662	-0.0610	1.0376	0.0000	-0.1263	2.7411	23.4500	-747	2659	-1530 
0x50	07:22:11.977	0.0029	0.0010	1.0010	0.6714	-0.0610	1.0376	0.0000	-0.1263	2.7466	23.4500	-747	2659	-1530 
0x50	07:22:11.985	0.0020	0.0015	0.9995	0.0610	0.0000	0.6714	0.0000	-0.1263	2.7466	23.4500	-747	2659	-1530 
0x50	07:22:11.995	0.0015	0.0024	1.0000	0.0000	0.8545	1.1597	0.0000	-0.1263	2.7521	23.4500	-748	2659	-1530 
0x50	07:22:12.005	0.0034	0.0029	1.0000	0.6104	0.4272	0.6714	0.0000	-0.1263	2.7576	23.4500	-748	2659	-1530 
0x50	07:22:12.014	0.0020	0.0015	1.0010	-0.1831	0.0000	0.8545	0.0000	-0.1263	2.7576	23.4500	-748	2659	-1530 
0x50	07:22:12.024	0.0044	0.0029	0.9995	-0.3052	0.1221	1.3428	0.0000	-0.1263	2.7631	23.4500	-748	2659	-1529 
0x50	07:22:12.034	0.0044	0.0029	1.0010	0.4272	0.0000	1.0986	0.0000	-0.1263	2.7686	23.4500	-748	2658	-1529 
0x50	07:22:12.045	0.0034	0.0039	1.0010	-0.1831	0.1221	0.9155	0.0000	-0.1263	2.7686	23.4500	-748	2658	-1529 
0x50	07:22:12.055	0.0015	0.0029	0.9995	-0.6104	0.1831	1.1597	0.0000	-0.1263	2.7740	23.4500	-748	2658	-1530 
0x50	07:22:12.064	0.0029	0.0024	1.0015	-0.8545	0.4272	1.6479	0.0000	-0.1263	2.7795	23.4500	-748	2658	-1530 
0x50	07:22:12.074	0.0015	0.0010	0.9995	-0.3662	0.3662	1.5259	0.0000	-0.1208	2.7850	23.4500	-748	2658	-1531 
0x50	07:22:12.084	0.0005	-0.0015	1.0000	0.1831	-0.2441	0.3662	0.0000	-0.1208	2.7850	23.4500	-748	2658	-1531 
0x50	07:22:12.094	0.0020	0.0000	1.0000	0.1831	0.3052	0.7324	0.0000	-0.1208	2.7905	23.5000	-748	2658	-1531 
0x50	07:22:12.113	0.0029	0.0010	1.0000	-0.1831	0.1221	1.4038	0.0000	-0.1208	2.7905	23.4500	-748	2658	-1530 
0x50	07:22:12.114	0.0034	0.0015	0.9985	-0.5493	0.3052	1.2817	0.0000	-0.1208	2.7960	23.4500	-748	2658	-1531 
0x50	07:22:12.124	0.0029	0.0054	0.9995	-0.7935	0.5493	1.4038	0.0000	-0.1208	2.8015	23.5000	-747	2658	-1531 
0x50	07:22:12.134	0.0044	0.0039	1.0000	-0.4272	0.3052	0.9766	0.0000	-0.1208	2.8070	23.4500	-747	2658	-1531 
0x50	07:22:12.144	0.0044	0.0024	0.9995	-0.9766	0.3662	0.6714	0.0000	-0.1208	2.8070	23.4500	-747	2658	-1531 
0x50	07:22:12.154	0.0029	0.0000	1.0024	-0.9766	0.4883	0.7935	0.0000	-0.1208	2.8125	23.4500	-747	2658	-1531 
0x50	07:22:12.164	0.0020	-0.0015	1.0015	-0.2441	0.3052	0.8545	0.0000	-0.1208	2.8125	23.4500	-747	2658	-1531 
0x50	07:22:12.174	0.0020	-0.0020	1.0015	-0.0610	0.4883	1.0376	0.0000	-0.1208	2.8180	23.4500	-747	2658	-1531 
0x50	07:22:12.184	0.0020	-0.0005	0.9971	-0.0610	0.3052	1.0986	0.0000	-0.1208	2.8180	23.4500	-748	2658	-1530 
0x50	07:22:12.194	0.0005	0.0015	1.0000	0.3662	0.1831	1.6479	0.0000	-0.1208	2.8235	23.4500	-748	2658	-1531 
0x50	07:22:12.204	0.0005	0.0024	1.0010	-0.3052	0.1831	0.3662	0.0000	-0.1208	2.8290	23.4500	-747	2658	-1530 
0x50	07:22:12.214	0.0015	0.0029	1.0000	-0.0610	-0.0610	0.3662	0.0000	-0.1208	2.8290	23.4500	-747	2658	-1531 
0x50	07:22:12.224	0.0029	0.0029	0.9995	0.5493	-0.2441	0.9155	0.0000	-0.1208	2.8345	23.4500	-747	2658	-1530 
0x50	07:22:12.234	0.0029	0.0039	1.0015	0.2441	0.1221	0.4883	0.0000	-0.1208	2.8345	23.4500	-747	2658	-1530 
0x50	07:22:12.244	0.0034	0.0029	0.9995	0.1221	0.5493	0.5493	0.0055	-0.1208	2.8400	23.4500	-747	2658	-1530 
0x50	07:22:12.254	0.0029	0.0029	1.0015	-0.4883	0.1221	0.9155	0.0055	-0.1208	2.8400	23.4500	-747	2658	-1530 
0x50	07:22:12.264	0.0034	0.0029	1.0010	-0.9766	0.3662	0.9766	0.0055	-0.1208	2.8455	23.4500	-748	2658	-1530 
0x50	07:22:12.274	0.0034	0.0010	0.9995	-0.7324	0.1831	1.5869	0.0000	-0.1208	2.8455	23.4500	-748	2658	-1530 
0x50	07:22:12.285	0.0029	-0.0005	1.0000	-0.8545	-0.3662	1.4038	0.0000	-0.1208	2.8510	23.5000	-748	2658	-1530 
0x50	07:22:12.294	0.0049	-0.0015	1.0010	-0.3052	-0.0610	0.8545	0.0000	-0.1208	2.8564	23.5000	-748	2658	-1531 
0x50	07:22:12.305	0.0044	-0.0015	1.0024	-0.2441	-0.1221	0.8545	0.0000	-0.1208	2.8564	23.4500	-748	2658	-1531 
0x50	07:22:12.315	0.0044	-0.0015	1.0015	-1.1597	-0.0610	0.7324	0.0000	-0.1208	2.8619	23.4500	-748	2658	-1531 
0x50	07:22:12.338	0.0049	0.0015	1.0000	-0.2441	0.1221	0.9766	0.0000	-0.1208	2.8619	23.4500	-748	2658	-1531 
0x50	07:22:12.338	0.0049	0.0039	1.0000	0.8545	0.3662	0.1831	0.0000	-0.1208	2.8674	23.5000	-747	2658	-1532 
0x50	07:22:12.345	0.0029	0.0054	1.0000	1.0986	0.0610	0.0000	0.0000	-0.1208	2.8674	23.4500	-747	2658	-1532 
0x50	07:22:12.354	0.0029	0.0000	0.9985	0.2441	-0.0610	-1.1597	0.0000	-0.1263	2.8674	23.4500	-747	2658	-1532 
0x50	07:22:12.365	-0.0015	0.0088	1.0000	0.4883	0.4883	-7.2632	0.0055	-0.1208	2.8619	23.4500	-748	2658	-1531 
0x50	07:22:12.375	0.0020	0.0010	1.0010	-0.1831	0.0000	-7.7515	0.0055	-0.1208	2.8564	23.4500	-748	2658	-1532 
0x50	07:22:12.385	0.0015	-0.0020	1.0010	-0.1221	0.1221	-4.2725	0.0055	-0.1208	2.8510	23.4500	-748	2658	-1531 
0x50	07:22:12.394	0.0015	0.0000	1.0000	-0.1221	0.5493	-7.6904	0.0000	-0.1208	2.8455	23.4500	-747	2658	-1531 
0x50	07:22:12.405	0.0005	0.0024	1.0010	0.2441	0.0610	-8.8501	0.0055	-0.1208	2.8345	23.4500	-748	2658	-1530 
0x50	07:22:12.415	0.0020	0.0015	1.0000	0.1221	-0.0610	-7.3242	0.0055	-0.1208	2.8290	23.4500	-749	2658	-1530 
0x50	07:22:12.425	0.0020	0.0010	1.0010	0.3662	0.0610	-6.5918	0.0055	-0.1208	2.8180	23.4500	-749	2658	-1530 
0x50	07:22:12.435	0.0049	0.0015	1.0000	-0.5493	0.1221	-8.4839	0.0055	-0.1208	2.8125	23.4500	-749	2658	-1530 
0x50	07:22:12.445	0.0044	-0.0015	1.0010	0.0610	0.4883	-13.7329	0.0055	-0.1208	2.8015	23.4500	-750	2658	-1530 
0x50	07:22:12.455	0.0049	0.0010	0.9995	0.4883	0.0000	-18.5547	0.0055	-0.1208	2.7795	23.5000	-751	2657	-1530 
0x50	07:22:12.465	0.0020	-0.0005	1.0000	0.4883	0.4272	-21.5454	0.0055	-0.1208	2.7576	23.4500	-752	2657	-1530 
0x50	07:22:12.475	0.0015	0.0054	1.0010	-0.0610	0.4883	-19.0430	0.0055	-0.1208	2.7301	23.4500	-752	2657	-1530 
0x50	07:22:12.484	0.0020	0.0039	1.0000	-0.8545	-0.1221	-13.2446	0.0055	-0.1208	2.7136	23.4500	-753	2657	-1529 
0x50	07:22:12.511	0.0029	0.0010	1.0010	-0.0610	-0.3662	-5.7373	0.0055	-0.1208	2.7081	23.4500	-754	2657	-1530 
0x50	07:22:12.511	0.0029	0.0039	1.0000	0.8545	-0.1221	-4.3945	0.0055	-0.1208	2.7026	23.4500	-755	2657	-1529 
0x50	07:22:12.514	0.0034	0.0024	0.9995	0.6714	0.1221	-2.6855	0.0110	-0.1208	2.7026	23.4500	-755	2656	-1531 
0x50	07:22:12.524	0.0020	0.0024	0.9985	0.8545	0.7324	-1.4648	0.0110	-0.1208	2.7026	23.4500	-755	2656	-1531 
0x50	07:22:12.534	0.0034	0.0024	1.0000	0.3662	0.3052	-2.3193	0.0110	-0.1208	2.7026	23.4500	-756	2656	-1531 
0x50	07:22:12.544	0.0015	0.0029	0.9995	-0.1221	0.3052	-3.6621	0.0110	-0.1208	2.6971	23.5000	-757	2655	-1531 
0x50	07:22:12.554	0.0015	0.0000	1.0000	0.1831	0.2441	-4.0283	0.0110	-0.1208	2.6971	23.4500	-758	2655	-1531 
0x50	07:22:12.564	0.0005	-0.0005	1.0015	-0.1831	0.2441	-2.8687	0.0110	-0.1208	2.6917	23.4500	-758	2655	-1530 
0x50	07:22:12.574	0.0000	0.0015	1.0015	0.6714	0.0610	-3.7231	0.0110	-0.1154	2.6862	23.4500	-758	2655	-1531 
0x50	07:22:12.584	0.0020	0.0000	0.9985	0.1831	0.0000	-0.6714	0.0110	-0.1154	2.6862	23.4500	-758	2655	-1530 
0x50	07:22:12.594	0.0029	0.0000	0.9995	-0.0610	0.7324	-2.2583	0.0110	-0.1154	2.6862	23.4500	-759	2655	-1531 
0x50	07:22:12.604	0.0059	0.0000	0.9995	0.4883	0.7324	-6.1646	0.0110	-0.1154	2.6807	23.4500	-759	2655	-1531 
0x50	07:22:12.614	0.0020	0.0015	1.0010	0.4272	1.2207	-9.7046	0.0110	-0.1154	2.6752	23.4500	-759	2655	-1531 
0x50	07:22:12.624	0.0020	0.0039	0.9995	0.9766	1.1597	-13.0615	0.0165	-0.1154	2.6587	23.4500	-759	2655	-1531 
0x50	07:22:12.634	0.0020	0.0044	0.9995	-0.2441	0.1221	-11.5967	0.0165	-0.1154	2.6477	23.4500	-760	2654	-1531 
0x50	07:22:12.644	0.0015	0.0039	0.9995	-0.5493	0.3662	-7.5684	0.0165	-0.1154	2.6367	23.4500	-761	2654	-1531 
0x50	07:22:12.654	0.0005	0.0015	1.0010	-0.2441	0.5493	-3.4790	0.0165	-0.1099	2.6312	23.4500	-761	2654	-1531 
0x50	07:22:12.664	0.0020	0.0010	1.0000	-0.6104	0.0610	-1.1597	0.0165	-0.1099	2.6312	23.4500	-762	2654	-1530 
0x50	07:22:12.674	0.0005	0.0010	0.9995	-0.3662	0.2441	-0.2441	0.0165	-0.1099	2.6312	23.4500	-762	2654	-1531 
0x50	07:22:12.684	0.0020	0.0024	0.9995	-0.4272	0.0000	0.1831	0.0165	-0.1099	2.6312	23.4500	-762	2654	-1532 
0x50	07:22:12.694	0.0015	0.0024	1.0015	0.0610	0.3662	-0.1221	0.0165	-0.1099	2.6367	23.4500	-762	2654	-1532 
0x50	07:22:12.704	0.0029	0.0010	1.0000	0.7324	0.5493	-1.2817	0.0165	-0.1099	2.6367	23.4500	-762	2654	-1531 
0x50	07:22:12.735	0.0029	0.0029	1.0000	-0.3052	0.1221	-2.1362	0.0165	-0.1099	2.6312	23.4500	-763	2654	-1531 
0x50	07:22:12.735	0.0029	0.0029	1.0010	-0.4272	0.4272	-2.1973	0.0165	-0.1099	2.6312	23.4500	-764	2654	-1530 
0x50	07:22:12.735	0.0020	0.0024	0.9995	-0.3662	0.0610	-2.0752	0.0165	-0.1099	2.6312	23.4500	-764	2654	-1531 
0x50	07:22:12.744	0.0020	0.0000	1.0015	0.2441	-0.1221	-1.6479	0.0165	-0.1099	2.6312	23.4500	-764	2654	-1531