Time (s)	Processed X Gyro	Processed Y Gyro	Processed Z Gyro	Processed X Accel	Processed Y Accel	Processed Z Accel
830.3183178	0.146813989	-0.168440074	0.105857238	-0.043863792	-0.030948812	-1.00217545
830.3816069	-0.109878063	0.129692376	0.067765959	-0.043447919	-0.033799879	-1.002321243
830.4409858	0.299195945	0.10504622	0.076570511	-0.042474724	-0.031796705	-1.003644347
830.503948	0.115258664	-0.137559056	0.015474099	-0.042725261	-0.031724248	-1.001424789
830.5675591	0.113571689	-0.033698641	0.081249334	-0.042660192	-0.032696221	-1.00220716
830.6300559	-0.159514472	0.045355055	0.077530026	-0.0428879	-0.032059398	-1.001437306
830.6920516	-0.494794369	-0.475502402	0.106833458	-0.043757629	-0.030920824	-1.000289559
830.755872	0.14015238	0.226237476	-0.070961557	-0.043357946	-0.032667544	-1.001121283
830.8178228	-0.403225392	-0.170088962	0.046397217	-0.042752601	-0.031268872	-1.001470447
830.8799572	-0.279657602	-0.109627098	-0.013565858	-0.043616585	-0.031375784	-1.002019644
830.9419451	0.084685102	0.165810719	0.137429595	-0.041615058	-0.03199178	-1.001622677
831.0040739	-0.098174348	0.011967667	0.137432143	-0.042277332	-0.030541236	-1.002075076
831.0696888	-0.036623418	0.074675754	0.015370836	-0.042806778	-0.030982438	-1.003044963
831.1289146	0.086802781	0.074041523	0.166238725	-0.042645745	-0.031329967	-1.001839876
831.1917465	0.101648912	-0.237812534	0.106278062	-0.043102596	-0.030490484	-1.001906157
831.255557	0.085115187	0.074026212	0.045967352	-0.043099616	-0.031788558	-1.00158453
831.3174245	-0.006888416	-0.078956477	0.015478373	-0.043526221	-0.032036152	-1.001388192
831.3816578	0.084940076	0.074454427	0.076595403	-0.043328118	-0.031189041	-1.002405047
831.4416435	0.176219851	0.164772153	-0.014288886	-0.043509722	-0.031387147	-1.00280118
831.5034162	-0.159434974	0.073701389	-0.014688016	-0.042835541	-0.032273792	-1.002334118
831.5673838	0.817130029	-0.047297984	0.228983983	-0.043266661	-0.031793125	-0.999712467
831.6324654	0.17689985	0.135322839	-0.137282878	-0.043637019	-0.032025263	-1.003024101
831.6925214	0.329123646	-0.291825444	0.137859017	-0.043671321	-0.031347562	-1.002682447
831.7561029	0.421469867	-0.538884044	0.137659565	-0.043253724	-0.030217934	-1.000304818
831.8163721	-6.710289001	9.215321541	8.929493904	-0.060504869	-0.028867032	-1.008490801
831.8823462	8.596655846	11.43677425	8.370752335	-0.000558819	-0.004559548	-1.015999913
831.9411358	-15.55098724	4.566068172	-22.44639015	0.026117951	-0.034115873	-0.986062229
832.0045314	-15.25143242	-13.82544327	-10.02844143	0.023130847	-0.03305788	-0.986802578
832.0681753	-2.386440992	7.20108366	-26.10839462	-0.012113759	0.006755486	-0.998605728
832.1321216	-12.11342716	-13.79350853	6.588486195	-0.019904517	0.024502965	-0.995258927
832.1911686	-7.93928194	8.178833961	-10.8095665	-0.031783734	0.019284843	-1.007948995
832.2560058	6.374337196	5.892613411	2.205127239	-0.030669287	0.037475176	-1.003418684
832.3179219	-3.721355438	42.67858124	-5.13231039	-0.027301922	0.033126242	-1.012307763
832.3821619	-10.24896812	48.42111588	-21.17485809	-0.029060503	-0.009756531	-1.021127224
832.4413821	3.558135271	35.06902313	-0.246087074	0.006971184	0.004035385	-0.998538315
832.5043546	-5.622690201	35.60950851	-25.75542068	0.03223272	-0.004745437	-0.996504605
832.5671103	23.96595764	14.81841946	0.473110557	0.108796433	0.020166587	-1.018562198
832.6288001	-3.398825169	16.95562744	-28.43209648	0.10661424	-0.023743337	-0.96430254
832.6928652	-31.13353729	-26.11241913	5.472684383	0.079157233	-0.005111109	-0.964536786
832.7534691	-8.324477196	-12.54695702	-0.230025843	0.110030532	0.025527125	-1.001908302
832.8169038	-2.723895073	5.308453083	-14.47250748	0.128211319	0.020480776	-0.993258715
832.8797787	19.19259453	-4.902364254	-79.81406403	0.11382848	0.028669417	-0.980924964
832.9418795	0.080785483	27.30480766	-5.007227421	0.12624988	0.02384383	-0.982552528
833.0050079	0.566293359	-15.88583755	31.14372063	0.09974248	0.015991816	-0.982287049
833.0668817	-6.930578232	-15.8705368	48.94338608	0.085551627	0.033348303	-1.001502633
833.1283908	-6.577812672	-55.39405823	18.32256699	0.05775854	0.033491623	-0.976769745
833.1927077	-4.301358223	-64.99795532	2.456170797	0.010831223	0.003993999	-1.015238285
833.2537561	-9.975337982	-14.22068787	46.65954971	-0.035336964	0.018780719	-1.037228703
833.3177391	0.816902459	-30.26123619	0.190180987	-0.07371328	0.001920269	-0.994910717
833.3825022	13.51414299	16.15166855	3.112502575	-0.082873851	0.044228904	-0.993872762
833.4416075	32.72413254	-41.23846817	2.838784456	-0.115044579	0.02583183	-1.000588417
833.505272	5.116679668	-10.65928555	16.18224907	-0.124964342	0.021683786	-1.003371119
833.5662114	-3.216887236	-29.5176506	1.490463972	-0.14411357	-0.004914145	-1.007940888
833.6290575	13.39804077	25.06461525	-23.80893707	-0.138495281	-0.013538754	-1.010756135
833.6909645	6.386528969	14.89603138	22.20832062	-0.117346771	-0.030025659	-1.016510725
833.754244	-31.14743423	-6.452245712	31.97478867	-0.137600541	-0.013987929	-0.977234602
833.8163942	-12.43872643	15.25524998	0.637466252	-0.053854633	-0.009534019	-1.012964606
833.8812374	11.98134518	-24.57091331	56.08748245	-0.069362372	4.41E-05	-1.012254357
833.9414153	-6.014064312	-36.80787277	55.14271545	-0.134305835	-0.002381544	-0.998809218
834.0042898	0.937984586	-9.068630219	31.36585236	-0.124133095	-0.006512488	-0.990350187
834.0660875	1.382727742	0.197670966	28.47422028	-0.118827917	-0.001294947	-1.01757741
834.1292849	-8.295419693	8.677713394	2.30348587	-0.138258353	-0.001208841	-1.006651998
834.1919755	11.12312794	23.87022209	-58.41236877	-0.12231084	-0.007637368	-1.019301057
834.2559533	5.177442551	83.17619324	-84.3073349	0.038000368	-0.013366592	-1.016575336
834.3170293	-8.378369331	35.23334885	-122.2392349	0.021631496	-0.02884992	-1.038710475
834.3810629	22.30736351	-11.96349049	-75.13054657	0.05449906	-0.015270799	-1.012143493
834.4418227	-26.89313126	20.98602867	-103.8812408	-0.045663305	-0.040457226	-1.018978238
834.5037297	-15.63253689	-8.55346489	-9.045729637	-0.139784768	-0.042040139	-1.030421138
834.5667941	-6.239555359	5.71746397	5.425340176	-0.187307224	0.015051642	-1.01075542
834.6318658	-8.298042297	7.142136097	14.9223547	-0.190063342	0.017173493	-1.023700833
834.6916668	30.20741844	17.24150085	13.3111105	-0.110568099	0.050955493	-1.022158742
834.7538911	-7.922113895	-13.11651516	-0.192201376	-0.034399405	0.073142961	-1.003556728
834.8176791	-6.239679337	-9.068818092	47.23392105	-0.042867295	0.088513285	-0.990436077
834.8826012	26.87355804	-17.95947838	50.09775543	-0.049396284	0.061259143	-1.005924344
834.941677	-19.39118004	-4.395097733	13.86099529	0.000589596	-0.00674282	-1.023573756
835.0036274	-17.41815376	-6.14193058	-64.16784668	-0.052878447	-0.013068754	-1.000184178
835.0666239	-20.85549545	-2.709406376	24.15151787	-0.094750397	-0.007812472	-1.010522008
835.1285127	-28.25731277	-15.74592972	2.336634398	-0.082204483	-0.010952881	-1.041159511
835.1914082	-37.0228157	21.44739342	-10.75480366	-0.102720037	0.034430094	-1.010749102
835.2575462	-20.122715	12.74780941	-13.35633469	-0.098469615	0.096791007	-1.007414341
835.3174896	-3.164012909	49.37260056	-16.00902557	-0.053940196	0.113500148	-1.009585142
835.3825026	-41.49525833	-14.40400696	27.05569077	-0.053788185	0.071847841	-0.986517787
835.4412811	-6.365099907	7.433499813	0.153758973	-0.058465131	0.095090151	-0.968600094
835.5041927	-12.65760708	-15.60356331	3.197257996	-0.05824123	0.100779966	-1.015352607
835.567265	10.36166668	-8.746494293	-4.918415546	-0.053783003	0.081908718	-1.014008045
835.6312113	-5.448875427	-14.69927979	2.534033775	-0.081794582	0.083419785	-0.97484082
835.6911571	23.95368385	4.464465141	4.817399979	-0.043887358	0.139161378	-1.011138201
835.7542136	30.13199997	-1.85464406	11.26479721	-0.053678136	0.114486679	-1.036183238
835.8170274	44.9185524	-1.713263392	17.65077972	-0.052617677	0.085539825	-0.999751508
835.8799335	0.367655098	-0.362585038	-2.668733597	-0.051657856	0.044430897	-0.990056932
835.9410801	10.11832905	4.192704201	-25.03831673	-0.033250906	0.035832867	-1.010671258
836.0040842	32.25551605	12.5729332	-29.13656616	-0.068574302	0.00825782	-1.031058431
836.0686826	-6.467693806	0.657152951	-6.21906805	-0.057250515	0.019225575	-0.984871507
836.1311817	12.35182667	-0.409178525	11.77554131	-0.070189729	0.005656341	-0.990956426
836.1918807	15.763937	-9.044392586	-21.95777702	-0.040365841	0.017372664	-0.993881285
836.2549455	-48.66110611	18.03570557	-0.327616423	-0.033861984	0.04601372	-0.980583906
836.3188271	-12.23345947	-4.31610918	-16.90846443	-0.045025699	0.060406368	-1.005910277
836.3789296	45.69995499	-5.996332645	-8.024245262	-0.04559312	0.142729208	-1.038920045
836.4436595	3.506737471	-2.504916668	2.750761032	-0.018843863	0.169844612	-1.010148525
836.5077637	-18.65967751	-21.4304409	-1.174390912	-0.022689668	0.150679484	-0.989204168
836.5677462	-6.555905342	0.764184237	-14.1881361	-0.031911582	0.086296089	-1.0011338
836.6297586	-12.05333519	-25.8827858	-6.060575962	-0.081253886	0.027584055	-1.02370739
836.6945161	-27.28653145	39.31726456	18.73257828	-0.09236981	0.024031721	-1.034598708
836.7557046	-12.42249203	-1.707463026	18.9081707	-0.106665887	-0.029961983	-0.94083029
836.816736	11.06892872	22.97754097	5.621615887	-0.061855949	-0.069347121	-0.99050492
836.8797041	35.89351654	-8.493474007	20.41370964	-0.073147036	-0.088686936	-1.024055004
836.9445327	2.166744232	-1.936238647	6.293498516	-0.060841829	-0.048777819	-1.046656847
837.0064878	3.606216431	-54.5670929	5.405566692	-0.081674881	0.002898148	-1.094028711
837.0661747	5.239824295	16.42315292	7.908490658	-0.037725165	0.000540571	-1.150383592
837.1292028	-8.747093201	2.604508162	-15.42303085	-0.073725559	0.010763233	-1.141971231
837.1920745	-12.17578602	6.457686424	-4.864717007	-0.074782223	-0.002848853	-1.083191395
837.2540376	-25.73857689	-11.44744968	6.874279976	-0.086157829	0.016349435	-0.99372834
837.316496	-12.83678341	3.338684082	3.092175484	-0.080371611	0.025489917	-0.995297194
837.3814584	-8.084956169	-8.307358742	2.818818092	-0.111678086	0.053898659	-0.980461419
837.4411804	-23.19841385	14.4587698	-11.37998772	-0.116764367	0.101304755	-0.899804831
837.5042661	-9.72252655	-2.093152046	8.613057137	-0.110499553	0.096565962	-0.947454572
837.5672038	-16.59310532	-7.920636654	1.779915094	-0.119712763	0.120049246	-0.955545485
837.6309831	-5.887566566	11.18709373	-0.750400066	-0.120010749	0.097514942	-0.971345305
837.6916427	-0.126781493	9.428314209	0.652478635	-0.117772676	0.094333857	-1.000702739
837.7561811	-1.161999941	5.754125595	7.299185753	-0.069292404	0.141888693	-1.009044528
837.8191283	0.051743131	-4.713656425	5.350853443	-0.079358846	0.143741697	-1.020174623
837.8802011	-6.28134346	14.15643597	1.838147759	-0.064052768	0.160016716	-0.978630543
837.9418902	-0.645081222	5.530689716	3.795753002	-0.081209853	0.153650343	-0.943730712
838.0041106	0.754239202	-4.106226444	3.858332634	-0.096657529	0.134831175	-0.83464402
838.0686253	13.80350876	2.481049538	-1.807946444	-0.077171281	0.121130951	-0.893966079
838.130526	9.509373665	-6.970987797	-12.51511383	-0.075441241	0.132559538	-0.914159179
838.1919545	17.12339592	-9.681851387	-6.508559227	-0.051989064	0.140592992	-0.928807855
838.2556229	8.469696045	-16.5426178	10.96050835	-0.051402949	0.104505278	-0.97245574
838.319825	19.43910217	21.26918411	12.17796993	-0.050099611	0.073752791	-1.017703772
838.3799765	26.82369804	-4.252912521	-17.60978317	-0.088423707	0.043574173	-0.995883405
838.4435663	18.55998611	-14.71070385	2.504101753	-0.095213585	0.023276925	-0.986481667
838.5034979	6.056743622	23.97144699	9.730065346	-0.073329009	0.033918619	-0.98161459
838.5674667	-3.155179262	0.684607148	4.870771885	-0.063551426	0.03568203	-1.025582194
838.6295162	-11.26571369	31.01591682	6.781605721	-0.039462999	0.026712975	-1.052936554
838.6915164	-1.851772785	1.05485177	15.3185091	-0.049936425	0.019185789	-1.056304097
838.7553746	-11.07121754	15.71529198	-12.91124344	-0.017086515	0.036373831	-1.079145432
838.8183715	-7.928500652	22.48567581	-4.249581337	-0.003250885	0.050754629	-1.040643573
838.8793011	23.04947281	-53.3324585	-8.9209795	0.039806113	0.055117663	-1.05673492
838.9424429	9.905550957	-20.6066227	-0.451101124	0.009755777	0.058807634	-1.088537097
839.0055633	23.43470764	-16.30999565	1.659160852	-0.016981572	0.05381963	-1.100156307
839.0661759	-8.658378601	-2.748087645	-16.30933952	-0.08532919	-0.013094457	-1.163635254
839.1302903	-17.68507004	-11.94593334	4.116994381	-0.109191157	-0.015199892	-1.156939268
839.1910798	-4.64948988	-17.2908535	-8.081238747	-0.100054726	-0.001485954	-1.134356022
839.2551232	-13.97818089	17.46136665	5.712453365	-0.101467736	0.044826049	-1.019350052
839.3181781	4.811150074	13.61435986	12.90463352	-0.084889829	0.040570255	-0.999284029
839.3831863	-10.01308537	15.39081764	-12.80456257	-0.082106829	0.070314281	-0.93308115
839.4422857	-2.555537224	2.262216568	8.909315109	-0.101169512	0.074463084	-0.908638
839.5063959	-2.171392202	-6.17862606	14.68386364	-0.102032244	0.07737758	-0.85910058
839.5680056	-6.265612602	7.521526814	22.36637497	-0.091134794	0.046755709	-0.827828526
839.6292115	-11.98908329	28.30801773	0.285217881	0.008670327	-0.029369399	-0.969289958
839.6920256	15.30632973	8.510277748	-8.710519791	0.001881557	-0.086759984	-1.091422439
839.7559656	-0.577407837	12.02037907	-0.396006942	0.032184973	0.024767336	-0.993983448
839.8179637	7.024085999	15.21743679	4.199148655	-0.01286471	0.043644339	-1.033007622
839.8799955	14.07633018	11.29407024	-19.15426826	-0.018264698	0.113691986	-0.99052465
839.9429292	1.794040322	26.50845146	27.70375443	-0.034751762	0.106300302	-1.00391233
840.0050628	4.409346104	27.73171043	-8.011142731	0.016689489	0.147715911	-0.953868091
840.0666705	7.375318527	-0.419175506	-6.460380077	-0.02912958	0.135882467	-0.982713819
840.1308465	-15.73983574	-5.565544128	-0.988510251	-0.094702043	0.201614127	-0.995820463
840.1935565	-8.300423622	-18.24881935	4.6229949	-0.090593807	0.18178457	-0.999972582
840.2547272	-10.30943489	14.46652889	-10.31882191	-0.017210292	0.187485054	-0.983685374
840.3184761	-17.23107147	-4.199345112	-6.998269558	-0.024038939	0.164065629	-0.975019932
840.3795107	-10.30096531	1.581261277	5.081653118	0.033030424	0.117123894	-0.99211818
840.441647	8.863240242	-33.21715546	21.29264259	-0.016781913	0.069893688	-1.008544922
840.5044568	-5.212852478	-8.082227707	7.864456654	-0.010582559	0.046822246	-1.000780463
840.5674738	-15.55178356	-21.10657692	14.12257099	-0.018787064	0.045097426	-0.975377738
840.630554	-8.998479843	-8.978877068	20.81168938	0.038475357	0.078491904	-1.00448215
840.6924772	11.23934078	-15.8567791	26.71591187	0.076864764	-0.010274945	-1.058069229
840.7562348	21.49867249	13.41388893	19.86558342	0.074808456	-0.069467179	-1.115270257
840.8171667	25.45139694	2.085896254	3.248151779	0.072312064	-0.056040857	-1.092878699
840.8804044	20.24953461	50.26084137	-11.80198574	0.066643499	-0.085365094	-1.049735069
840.9422226	-10.65586567	15.08362484	-2.485009909	0.016739242	-0.051777035	-0.942204237
841.0044063	-0.673438668	-3.153297901	5.03864336	-0.074098475	-0.004341674	-0.964857578
841.0673613	-11.4715023	13.58600521	-14.22418308	-0.068227738	0.068523094	-0.976201594
841.1300357	-0.340632081	-6.453035355	-2.026757956	-0.072656684	0.069932781	-1.011542082
841.192866	15.2213583	0.804902375	-10.1813488	0.060861696	0.073727772	-1.008511543
841.2542839	-9.792185783	2.84566164	-8.886115074	0.048384912	0.120570555	-0.984803975
841.3181094	-3.157941818	-1.600824594	-6.169678688	0.030891182	0.142510429	-1.011460423
841.3791925	-0.038147669	-4.441156864	4.496309757	0.04072886	0.146875173	-0.998478413
841.4440657	1.305165052	-13.95464516	11.21060562	0.018104553	0.079545639	-1.000305176
841.5040818	-0.415576279	-9.797677994	5.616071224	-0.024766065	0.041525554	-1.003902316
841.5667238	0.195394397	-22.2349968	14.58532238	-0.137869298	0.004187276	-1.037742138
841.6291128	8.469013214	-57.97574234	12.11251545	-0.224044889	0.010414161	-1.027021885
841.6948517	-6.944817543	-24.56958771	3.711254597	-0.141657382	-0.000326338	-0.977515936
841.7537423	21.42721558	-38.4649086	-19.98397827	-0.098840609	-0.04549244	-1.042716265
841.8198001	12.95152569	-18.42633057	-18.428545	-0.005350078	0.019814968	-1.031158447
841.8788755	-2.08455658	-4.284764767	-10.01253986	0.024132147	0.072004929	-0.997419477
841.9425936	-1.915619493	0.34283191	6.87257576	0.073583357	0.117525883	-1.033764482
842.0040617	-3.88036871	38.97735977	13.79836559	0.063195869	0.153423235	-1.065226793
842.0666685	5.498507977	26.34002304	25.3949852	0.043594979	0.126762256	-1.049838662
842.1303989	-13.17126274	31.55632019	36.91697693	0.082739636	0.109154828	-1.003215075
842.191692	-3.782458544	33.7493782	26.36352348	0.036020625	0.051620737	-1.000317216
842.2546222	-14.70596886	16.65935516	29.68118095	-0.040827554	0.026104063	-0.966012716
842.3164625	-22.08713341	36.38674164	19.5234127	-0.010231659	0.029517885	-1.00782156
842.380453	-6.926888466	30.58219147	6.489367485	-0.064080112	0.042134576	-1.006669044
842.4432782	13.1606226	16.38885498	-3.160327911	-0.129470274	-0.023324287	-1.05352807
842.5053861	9.103103638	6.017900944	-27.42507744	-0.138918489	-0.021523496	-1.002005816
842.5673396	10.04092789	-10.65624523	-19.52972031	-0.099665098	-0.003584335	-0.973228753
842.6295896	32.73753357	-76.32726288	-8.320150375	-0.133171186	-0.023837378	-0.954955876
842.6921077	-12.29604912	-6.808328152	-32.39659119	-0.062790424	0.003887523	-0.911158383
842.7561748	7.026068687	-27.70693207	-39.74820328	0.052927352	0.046154596	-0.982924938
842.8163073	7.707958698	-2.635773182	-31.17342377	0.122387558	0.073424593	-0.971409202
842.8821627	-11.86765766	4.283209801	-15.77543449	0.127537802	0.10608758	-0.937380314
842.9421949	-15.04792118	14.7683115	-7.16126585	0.118215576	0.094580978	-0.922698259
843.005163	-30.40888023	14.63654041	-14.82949543	0.053477101	0.082975097	-0.96635288
843.0661297	-9.700705528	-24.40432739	3.489579439	0.023904599	0.088361196	-1.029143572
843.1291657	-6.697045803	11.93352509	-7.189711094	0.010623626	0.095560469	-1.067332387
843.1951027	-1.045090795	-19.48616028	-11.34784031	-0.031942394	0.100842699	-1.066328049
843.2540948	6.465736866	-25.29268837	0.569243312	-0.016774759	0.104566924	-1.062607765
843.3170175	15.36661434	-12.27217007	-8.959970474	-0.044292141	0.069206864	-1.150736213
843.3789604	5.144345284	7.425352097	-19.86061478	-0.02911363	0.090844654	-1.086913109
843.441784	-13.50089073	12.98039818	16.32406425	-0.043370236	0.081088692	-1.041542768
843.5056075	8.166092873	1.030783534	2.918746948	-0.041413624	0.044807453	-1.004274487
843.5688073	-2.941329002	-1.231047988	25.90819168	0.004944538	0.074449703	-0.892336726
843.6298581	22.87798691	9.084272385	14.15330601	-0.016298536	0.074888833	-0.947801054
843.6947036	28.52445221	-19.73575211	-16.02325058	-0.006212274	0.027143011	-1.106995463
843.755437	8.85608387	14.38268566	60.94828415	-0.03216368	0.002916368	-1.061532497
843.8168312	53.43122864	-13.5955143	-14.94993401	-0.046840481	0.029763285	-1.044759631
843.8796327	-2.94836545	0.466073275	-0.230962947	-0.031539895	-0.03675485	-0.989920795
843.9423655	1.356540561	0.225053757	-0.502804577	-0.029357087	-0.039911613	-0.998290658
844.0056632	0.117047973	0.500858307	-0.198299006	-0.028564285	-0.041090716	-0.998521984
844.0685642	-0.312191486	0.745079696	-0.258911431	-0.028058447	-0.042939551	-1.000856161
844.1324141	-0.107139602	-0.01511979	0.080899522	-0.027171556	-0.04208478	-0.999955654
844.1913423	0.116036281	-0.078851506	0.015481333	-0.027268434	-0.042250246	-0.999527514
844.2545117	-0.006031404	0.013269152	0.076567493	-0.027885091	-0.042196359	-0.999985814
844.3184374	0.115602978	-0.017535387	0.015373868	-0.027270203	-0.041976929	-1.000433922
844.3792869	-0.036730941	0.104729496	-0.015226985	-0.027411088	-0.041890062	-1.000068188
844.4443701	0.146219268	-0.048026193	-0.076215044	-0.028081439	-0.042197034	-1.000584245
844.5051539	-0.128838241	0.043647133	0.015479132	-0.027399838	-0.042239819	-1.000578642
844.567147	0.019835979	-0.114621639	0.0154885	-0.028255001	-0.041764367	-1.000656724
844.633296	-0.067433767	0.013053584	0.137859762	-0.027736617	-0.042139053	-1.000685215
844.6934049	-4.131178379	-12.47460079	-8.405386925	-0.031086447	-0.035987586	-1.013338327
844.7549775	25.52767754	18.97012711	-48.57357407	-0.059021264	-0.037022721	-1.02462697
844.816164	-15.43556595	-4.963936806	-44.62100983	-0.016227251	-0.047467411	-0.982672989
844.8821942	2.599376202	-10.26064396	1.175106883	-0.015070564	-0.01177352	-1.02159965
844.9431064	24.00029373	3.921407461	7.432950974	-0.017209308	-0.023429025	-0.997686327
845.005032	3.252752066	-6.26595974	2.118037462	-0.018734179	-0.034134932	-0.995378196
845.0678741	-0.348467529	-0.199527383	-0.136124358	-0.020599514	-0.038056672	-0.99835366
845.1308383	-0.285792202	-0.19784914	-0.166611984	-0.020846704	-0.039428752	-0.998290598
845.1948288	0.14754124	0.045337889	0.07537365	-0.020893512	-0.039477129	-0.99989301
845.2539381	0.1761484	-0.139601886	0.10715618	-0.02092036	-0.039538153	-1.000589967
845.3166535	-0.005616434	0.011239057	0.074633457	-0.020771112	-0.03974675	-1.000572324
845.387932	-0.0703291	0.290443033	0.076450512	-0.02126847	-0.039230421	-1.00030148
845.4425822	0.506835997	0.530943632	0.01584422	-0.021443281	-0.039645504	-1.001857758
845.5037115	-0.189645603	-0.199284285	0.016564395	-0.020811239	-0.038745217	-1.001173377
845.5672859	0.269046247	0.102502666	0.073423907	-0.020978617	-0.03891398	-1.00063622
845.6323419	0.112355523	0.013411448	-0.105752319	-0.021075079	-0.039319575	-0.999873102
845.6913517	-1.987702966	-0.04648092	-0.197215736	-0.020068834	-0.039915383	-1.000037909
845.7541919	-0.732364357	-0.595241904	-0.166000471	-0.019788085	-0.039357152	-0.998664737
845.818248	0.116326027	-0.080580287	0.015113029	-0.022676297	-0.03661355	-0.99938941
845.8823048	-0.313068509	0.256739587	0.046182517	-0.021774383	-0.037698183	-0.997948766
845.9412416	-0.463665068	0.135218531	-0.014795646	-0.021384982	-0.040238887	-0.999603927
846.004158	0.08531554	0.135023043	0.076788627	-0.019951086	-0.038484011	-1.001567721
846.0659663	0.146822467	-0.047197238	0.107286222	-0.021011624	-0.039143786	-1.001047254
846.1312038	0.390637815	-0.170627519	-0.015439979	-0.020473773	-0.039683729	-1.000714898
846.191392	-0.035814177	-0.111919679	0.137422547	-0.02087	-0.03869975	-0.999831796
846.2547288	0.298971981	-0.170323908	0.04542248	-0.020053355	-0.040632714	-0.999424756
846.3167104	0.113930486	-0.108066998	-0.136966676	-0.021553351	-0.03918514	-0.99915719
846.3798395	0.148931354	-0.046466459	-0.078820422	-0.019898117	-0.037555091	-0.999658585
846.4448236	-0.09708716	-0.04792843	0.105494365	-0.019885341	-0.039122134	-0.998558939
846.5046463	-0.128512904	0.074348502	0.107263707	-0.021337418	-0.038215432	-0.999926269
