-0.0005	0.0015	0.9966	0	0	0
-0.0044	0.0034	1.001	0	0	0
-0.002	0.0015	0.9995	0	0	0
-0.0005	-0.0015	0.9971	0	0	0
-0.0029	-0.0024	1.0034	0	0	0
-0.0005	-0.0029	1.0005	0	0	0
0.001	-0.0015	0.9971	0	0	0
-0.0015	0	1.001	0	0	0
0.001	0.0005	0.9995	0	0	0
0.0015	0	0.9985	0	0	0
0	0	1.002	0	0	0
0.0029	-0.001	0.9985	0	0	0
0.001	-0.0015	0.9985	0	0	0
-0.0029	0	1.001	0	0	0
-0.002	0.0015	0.998	0	0	0
-0.002	0.0015	0.9995	0	0	0
-0.0029	0.0005	1.002	0	0	0
-0.0005	-0.001	0.9995	0	0	0
-0.0015	-0.0024	1.0005	0	0	0
0	-0.0024	1.001	0	0	0
0	-0.0015	1.0005	0	0	0
0.0044	0	0.9995	0	0	0
0.0015	0.0005	0.9995	0	0	0
0.0024	0.0015	0.9995	0	0	0
0	0	1.001	0	0	0
0.0024	0.0005	0.9985	0	0	0
-0.0005	0	0.9995	0	0	0
-0.0034	0	1.0005	0	0	0
-0.0029	-0.001	0.9971	0	0	0
-0.0059	0	1.002	0	0	0
-0.0034	0	0.9995	0	0	0
-0.0005	0	1.002	0	0	0
0.001	-0.0015	0.9995	0	0	0
0.0024	-0.001	1.0005	0	0	0
0.0024	-0.001	1.001	0	0	0
0.001	0.0005	1.001	0	0	0
0.001	0.0005	0.998	0	0	0
0	0.0015	1.0005	0	0	0
-0.0005	-0.001	0.9985	0	0	0
-0.0029	-0.001	0.9995	0	0	0
-0.002	-0.0024	1.001	0	0	0
-0.002	-0.0024	0.9995	0	0	0
-0.0005	-0.0015	0.9995	0	0	0
0	0	0.9995	0	0	0
-0.0005	0.0005	1.0005	0	0	0
0.001	0.0015	1.001	0	0	0
0.0015	0.0005	1.0005	0	0	0
0.001	-0.001	1.0005	0	0	0
0	0	1.0005	0	0	0
-0.0005	-0.001	0.9995	0	0	0
-0.0005	-0.0015	1.001	0	0	0
-0.0015	0.0005	1.0005	0	0	0
-0.0044	0.0015	1.0005	0	0	0
-0.002	0.0005	0.9995	0	0	0
-0.0015	0.0029	0.9995	0	0	0
0	0.0034	1.0005	0	0	0
0.0029	0.0015	0.9985	0	0	0
0.0015	0	1.0005	0	0	0
0.0015	-0.0015	0.9995	0	0	0
0.0024	-0.0024	0.9985	0	0	0
0.0024	-0.0029	1.001	0	0	0
0	-0.0029	0.9985	0	0	0
-0.0015	-0.0029	1.0005	0	0	0
-0.002	-0.0015	1.001	0	0	0
-0.0005	-0.0015	0.9995	0	0	0
-0.0029	0.002	0.998	0	0	0
-0.0005	0.0034	1.0005	0	0	0
-0.0015	0.0054	1.0005	0	0	0
0	0.0029	1.0005	0	0	0
0.001	0.0015	1.001	0	0	0
0.0015	-0.0029	1.001	0	0	0
0.0015	-0.0044	1.001	0	0	0
0.0024	-0.0044	1.001	0	0	0
0.0015	-0.0024	0.9985	0	0	0
0	0	1.001	0	0	0
-0.0015	0.0029	0.9995	0	0	0
-0.0015	0.0029	1.0005	0	0	0
-0.0015	0.0044	1.002	0	0	0
-0.0005	0.002	1.0005	0	0	0
-0.002	0.0005	1.0005	0	0	0
0	0.0005	1.002	0	0	0
0.001	-0.0015	1.0005	0	0	0
0.001	-0.0029	1.0005	0	0	0
0.0015	-0.0029	1.0005	0	0	0
0	-0.0039	0.9985	0	0	0
0.0015	-0.0029	1.0005	0	0	0
0.0015	0.0005	1.0005	0	0	0
-0.0005	0.002	0.9995	0	0	0
-0.0015	0.0034	0.9995	0	0	0
-0.0029	0.0029	0.9995	0	0	0
-0.002	0.0015	1.0005	0	0	0
-0.0015	-0.0015	0.9985	0	0	0
0	-0.0024	0.9985	0	0	0
0.001	-0.0029	1.001	0	0	0
0.001	-0.0029	1.0005	0	0	0
0	-0.0015	1.001	0	0	0
0	-0.001	1.001	0	0	0
0.001	0.0015	0.9995	0	0	0
0.001	0.0015	1.0005	0	0	0
0	0.002	0.998	0	0	0
0	0.0015	1.001	0	0	0
-0.0029	0	1.001	0	0	0
-0.0029	0.0005	0.9995	0	0	0
-0.0015	-0.001	0.9995	0	0	0
-0.0015	-0.0039	0.9995	0	0	0
-0.0005	-0.0029	1.0005	0	0	0
-0.0005	-0.0039	0.9985	0	0	0
0	-0.0024	0.9985	0	0	0
0.001	0.0005	1.0005	0	0	0
0.0015	0.0029	1.002	0	0	0
0.001	0.0029	1.0005	0	0	0
-0.0005	0.002	0.9995	0	0	0
-0.0005	0.0005	0.9995	0	0	0
-0.0005	-0.001	1.0005	0	0	0
-0.0029	-0.0024	1.0005	0	0	0
-0.0034	-0.0039	0.9995	0	0	0
-0.0015	-0.0029	1.0005	0	0	0
-0.0015	-0.0024	1.0005	0	0	0
0	-0.001	0.9995	0	0	0
0.001	0.0005	0.9985	0	0	0
0.0015	0.002	1.0005	0	0	0
0.001	0.0015	0.9985	0	0	0
0.001	0.0029	0.9985	0	0	0
-0.0015	0.0005	0.998	0	0	0
0	0	0.9995	0	0	0
-0.0005	-0.001	1.0005	0	0	0
-0.0015	-0.0029	1.0005	0	0	0
-0.0034	-0.0039	0.9985	0	0	0
-0.0005	-0.0029	0.9995	0	0	0
0	-0.001	0.998	0	0	0
-0.0005	-0.001	1.0005	0	0	0
0.001	0.002	1.001	0	0	0
0.0015	0.0015	0.9995	0	0	0
0.001	0.0015	0.9985	0	0	0
0.0015	0	0.9995	0	0	0
0.001	0	1.0005	0	0	0
0	-0.001	1.001	0	0	0
-0.0015	-0.0015	0.9995	0	0	0
-0.0005	-0.0015	0.998	0	0	0
-0.0005	0	0.9995	0	0	0
-0.0015	-0.0024	1.001	0	0	0
0	-0.001	0.9995	0	0	0
0.001	0.002	0.9985	0	0	0
0	0.0005	1.001	0	0	0
0	0.002	0.9995	0	0	0
0.0015	0.0015	0.998	0	0	0
-0.0005	0	1.002	0	0	0
0.001	-0.0015	1.002	0	0	0
0.001	-0.0024	1.0005	0	0	0
-0.0005	-0.0015	0.9995	0	0	0
0	-0.0015	1.0005	0	0	0
-0.0015	-0.0015	1.001	0	0	0
0	0.0015	1.0005	0	0	0
0.001	0.002	1.0024	0	0	0
0	0.0015	1.002	0	0	0
0	0.0005	0.9985	0	0	0
0.0015	0	1.0005	0	0	0
0.001	0	0.9995	0	0	0
0	-0.001	1.0005	0	0	0
-0.0005	-0.0024	1.0005	0	0	0
0.001	-0.0039	0.9995	0	0	0
-0.0015	-0.0015	1.0005	0	0	0
0	-0.001	0.9995	0	0	0
-0.002	0.0005	1.0005	0	0	0
-0.0015	0.0015	1.0005	0	0	0
-0.0015	0.0015	1.0005	0	0	0
0.001	0.0005	1.0005	0	0	0
-0.0005	0.0015	0.9995	0	0	0
-0.0005	-0.001	1.0005	0	0	0
0	-0.0024	0.9995	0	0	0
0	-0.0024	0.9985	0	0	0
0.001	-0.001	0.9995	0	0	0
0.001	-0.001	0.9995	0	0	0
-0.0005	-0.001	1.0005	0	0	0
0	0	1.0005	0	0	0
0	0.0015	1.0005	0	0	0
0.001	0.0015	1.001	0	0	0
-0.0005	0.0005	0.9995	0	0	0
-0.0015	0	0.9985	0	0	0
-0.002	0	0.9995	0	0	0
-0.0015	-0.0024	1.0005	0	0	0
-0.002	-0.0024	1.0005	0	0	0
-0.0015	-0.0015	1.0005	0	0	0
0.001	-0.001	0.9995	0	0	0
0.0015	0	0.9995	0	0	0
-0.0005	-0.001	0.9995	0	0	0
0.001	0.002	0.9995	0	0	0
0	0.0015	0.9995	0	0	0
0	0.0005	1.001	0	0	0
-0.0005	0.0005	1.001	0	0	0
-0.0005	-0.0015	0.9995	0	0	0
0.001	0	1.001	0	0	0
-0.0005	-0.0024	0.9995	0	0	0
-0.0005	-0.001	0.9995	0	0	0
0.001	0	1.0005	0	0	0
0.001	0.0005	0.9995	0	0	0
0	0.0015	0.9985	0	0	0
0.0029	0.0015	1.0005	0	0	0
-0.0005	0.0005	0.9995	0	0	0
-0.0005	0.002	0.9985	0	0	0
-0.0005	-0.001	1.0005	0	0	0
-0.002	0	0.9995	0	0	0
0.0015	-0.001	0.9985	0	0	0
-0.0015	-0.0015	0.9985	0	0	0
-0.002	-0.001	0.9995	0	0	0
-0.0005	-0.0015	0.9995	0	0	0
-0.0005	0	1.0005	0	0	0
-0.0005	0.0005	1.0005	0	0	0
0.001	0.0015	1.001	0	0	0
0	0.0005	1.0005	0	0	0
0.001	0	0.9985	0	0	0
0.001	0	1.0005	0	0	0
0	0	1.0005	0	0	0
-0.0005	-0.001	0.9985	0	0	0
0	-0.0015	1.0005	0	0	0
-0.0005	-0.0015	1.001	0	0	0
-0.0015	-0.001	1.0005	0	0	0
-0.0015	0.0005	0.9995	0	0	0
-0.0005	0.0015	1.0005	0	0	0
0	0.0005	0.9985	0	0	0
0	0.0015	0.9995	0	0	0
-0.0005	0	1.0005	0	0	0
-0.0005	0.0015	0.9995	0	0	0
0.001	-0.0015	0.9995	0	0	0
-0.0005	-0.0024	1.001	0	0	0
-0.0005	0	0.9985	0	0	0
-0.0015	-0.001	0.9985	0	0	0
-0.0005	0.0005	1.001	0	0	0
-0.0005	-0.001	0.9985	0	0	0
0	0.0005	1.0005	0	0	0
0	0	1.002	0	0	0
0.001	0.0015	1.0005	0	0	0
0	0.0005	0.9995	0	0	0
0	-0.001	1.002	0	0	0
-0.0005	0.0005	1.0005	0	0	0
0.001	-0.0015	0.9995	0	0	0
-0.0005	-0.0015	1.0005	0	0	0
0	0	1.0005	0	0	0
-0.0005	-0.001	0.9995	0	0	0
-0.0005	0	0.9985	0	0	0
-0.0005	0.0005	1.002	0	0	0
-0.0005	0.0015	0.9985	0	0	0
0.001	0	1.0005	0	0	0
-0.0005	0.0005	1.0005	0	0	0
-0.0005	-0.001	0.9995	0	0	0
-0.0005	-0.0015	0.9985	0	0	0
-0.0005	-0.001	1.001	0	0	0
0	-0.001	1.001	0	0	0
0	-0.001	1.0005	0	0	0
-0.0005	-0.001	1.001	0	0	0
-0.0005	-0.001	0.9995	0	0	0
-0.0005	0.0005	1.0005	0	0	0
-0.0005	0.0005	1.001	0	0	0
-0.0005	0.0015	1.001	0	0	0
-0.0015	-0.001	1.001	0	0	0
-0.0005	-0.001	1.0005	0	0	0
0	-0.001	0.9995	0	0	0
-0.0005	0	1.0005	0	0	0
0.001	-0.0015	1.001	0	0	0
-0.0005	-0.0015	0.9995	0	0	0
0.001	0	0.9995	0	0	0
0	0.0005	0.9995	0	0	0
-0.0005	0.0005	1.001	0	0	0
0.001	0.0005	1.0005	0	0	0
0	0	1.001	0	0	0
-0.0005	0.0015	0.9985	0	0	0
0	-0.0015	0.9985	0	0	0
0.001	0.0005	1.0005	0	0	0
0	0	1.0005	0	0	0
0	-0.001	1.0005	0	0	0
0	-0.0015	1.0005	0	0	0
0	0	0.9995	0	0	0
-0.0015	-0.001	0.9995	0	0	0
0	0	0.9995	0	0	0
-0.0015	0	1.0005	0	0	0
-0.0005	0.0005	0.9995	0	0	0
-0.0005	0	1.001	0	0	0
0	0.0005	1.001	0	0	0
-0.0005	-0.001	1.0005	0	0	0
0	-0.001	0.9985	0	0	0
0	-0.0015	0.9995	0	0	0
0.001	-0.001	1.001	0	0	0
-0.0005	0.0005	1.0005	0	0	0
-0.0005	0.0005	1.0005	0	0	0
-0.0015	0	0.9985	0	0	0
0	-0.001	0.9985	0	0	0
-0.0005	0.0015	0.9995	0	0	0
-0.0015	-0.001	0.9995	0	0	0
-0.0005	-0.001	0.9995	0	0	0
-0.0005	-0.0015	1.001	0	0	0
-0.0005	0	1.0005	0	0	0
0	-0.0015	1.002	0	0	0
-0.0005	-0.001	1.0005	0	0	0
-0.0005	0	0.9995	0	0	0
0	0	0.9995	0	0	0
-0.0005	0	0.9995	0	0	0
0	0.0005	1.0005	0	0	0
0	0	0.9995	0	0	0
-0.0015	0	1.002	0	0	0
-0.0015	-0.0015	1.0005	0	0	0
0.001	0.0005	1.0005	0	0	0
-0.0015	-0.0015	0.998	0	0	0
-0.0005	-0.001	0.9995	0	0	0
0.001	-0.001	0.9985	0	0	0
-0.0015	-0.001	1.002	0	0	0
0	0.0005	0.9995	0	0	0
0	0	0.9995	0	0	0
0	0	0.9995	0	0	0
-0.0015	-0.001	1.002	0	0	0
0.001	0.0005	0.9995	0	0	0
-0.0005	0	1.0005	0	0	0
-0.0005	-0.001	1.0005	0	0	0
-0.002	0	1.001	0	0	0
0	-0.001	1.0005	0	0	0
0	0	1.0005	0	0	0
0	0	0.9995	0	0	0
-0.0005	0	0.9995	0	0	0
-0.0015	0	1.001	0	0	0
0.001	0	0.9995	0	0	0
0	-0.001	0.9995	0	0	0
-0.0015	0	0.9985	0	0	0
-0.0005	-0.0015	1.001	0	0	0
-0.0015	0	0.9995	0	0	0
-0.0005	-0.001	0.9995	0	0	0
0	-0.001	1.0005	0	0	0
0.001	-0.001	0.9995	0	0	0
-0.0005	-0.001	1.001	0	0	0
0	0	0.9985	0	0	0
0	0.0005	0.9995	0	0	0
-0.0005	0.0005	1.001	0	0	0
-0.0015	0	1.001	0	0	0
0.001	0	1.0005	0	0	0
0	0	1.0005	0	0	0
-0.0005	-0.0015	1.0005	0	0	0
-0.0015	-0.001	0.9985	0	0	0
0	-0.001	1.0005	0	0	0
-0.0005	0	0.9995	0	0	0
-0.0015	0	1.002	0	0	0
-0.0005	0.0005	0.9985	0	0	0
-0.0005	0.0005	0.9995	0	0	0
-0.0005	0	0.9995	0	0	0
0	0.0015	0.9985	0	0	0
0	0	1.0005	0	0	0
0	-0.001	0.9985	0	0	0
0.001	0	1.0005	0	0	0
-0.0015	-0.001	1.0005	0	0	0
-0.0005	-0.001	1.001	0	0	0
-0.0005	-0.001	1.0005	0	0	0
-0.0005	0.0015	0.9995	0	0	0
0	-0.0015	0.998	0	0	0
0	-0.001	0.9985	0	0	0
-0.0015	0.0005	1.002	0	0	0
0	-0.001	0.998	0	0	0
-0.0005	-0.001	1.001	0	0	0
0.001	0	1.002	0	0	0
0.0015	-0.001	0.9985	0	0	0
-0.0029	-0.001	1.001	0	0	0
-0.0015	-0.001	1.0005	0	0	0
-0.0015	-0.001	0.9995	0	0	0
-0.0015	0.0015	1.0039	0	0	0
0	0.0005	0.998	0	0	0
-0.0015	0.0015	0.998	0	0	0
-0.0015	0	1.001	0	0	0
0	0	0.9985	0	0	0
0	-0.0015	1.0005	0	0	0
0.001	-0.001	1.001	0	0	0
-0.0005	-0.0015	0.9985	0	0	0
-0.0005	0	1.002	0	0	0
-0.0005	-0.001	1.0005	0	0	0
0.001	-0.0015	1.0005	0	0	0
-0.0005	-0.001	1.0005	0	0	0
0	0.0005	0.9995	0	0	0
0	0	0.9985	0	0	0
-0.0005	0	1.0024	0	0	0
-0.0005	0	0.9995	0	0	0
-0.0015	0	0.9995	0	0	0
0	0	1.0005	0	0	0
0.001	0	1.001	0	0	0
-0.0005	-0.0015	1.0005	0	0	0
0	-0.0015	1.001	0	0	0
0	-0.001	1.001	0	0	0
-0.0005	0	1.002	0	0	0
0	0	0.9995	0	0	0
0	0.0005	0.9985	0	0	0
0	0	1.0005	0	0	0
0	-0.001	1.001	0	0	0
0	0	1.0005	0	0	0
0	-0.001	1.001	0	0	0
0.001	0	0.9985	0	0	0
-0.002	0	0.9995	0	0	0
-0.0005	-0.001	1.001	0	0	0
0	0.0015	1.0005	0	0	0
0.001	0	1.0005	0	0	0
0.001	0.0005	1.001	0	0	0
-0.0005	0.0005	1.001	0	0	0
0	0	1.0005	0	0	0
-0.0005	0	0.9995	0	0	0
0	0	1.0005	0	0	0
0.001	0	0.9995	0	0	0
0.001	-0.001	0.9995	0	0	0
-0.0015	-0.001	1.001	0	0	0
-0.0015	0	0.9995	0	0	0
-0.002	-0.001	0.998	0	0	0
-0.002	0	0.9995	0	0	0
0	0.0005	0.9995	0	0	0
-0.0015	0	0.9985	0	0	0
-0.0015	-0.0015	0.9995	0	0	0
-0.0005	0	0.9985	0	0	0
0.001	0	0.9995	0	0	0
0.001	0	1.0005	0	0	0
0.001	-0.001	1.0005	0	0	0
-0.0005	0	1.001	0	0	0
0.001	-0.001	0.9985	0	0	0
-0.0005	-0.001	1.0005	0	0	0
0	-0.001	1.0005	0	0	0
0	0.0005	0.9995	0	0	0
-0.0005	0	0.9995	0	0	0
0	0	1.0005	0	0	0
0.001	-0.001	1.0005	0	0	0
0	-0.0015	0.9985	0	0	0
-0.0005	-0.001	1.0005	0	0	0
0.001	-0.001	0.9985	0	0	0
-0.0015	0	1.0005	0	0	0
-0.0005	0	1.0005	0	0	0
0	0.0005	0.9995	0	0	0
0	-0.001	0.9995	0	0	0
-0.0005	0	1.0005	0	0	0
0.001	0	1.0005	0	0	0
-0.0005	0	1.0005	0	0	0
-0.0005	0	1.0005	0	0	0
0	0	1.0005	0	0	0
0.001	-0.001	1.0005	0	0	0
0	-0.001	1.0005	0	0	0
0	0	1.0005	0	0	0
0	-0.001	0.9995	0	0	0
0	0.0005	0.9995	0	0	0
0	-0.001	0.9985	0	0	0
-0.0005	-0.001	0.9995	0	0	0
-0.0005	-0.001	0.998	0	0	0
0	0	1.001	0	0	0
-0.0015	-0.001	0.9985	0	0	0
0.001	-0.001	1.0005	0	0	0
0	0.0015	0.9995	0	0	0
0	0	1.0005	0	0	0
0	-0.001	1.001	0	0	0
0	-0.001	0.9995	0	0	0
0.001	-0.001	0.9995	0	0	0
-0.0005	-0.001	1.0005	0	0	0
0	0	1.001	0	0	0
-0.0015	0.0005	1.0005	0	0	0
-0.0005	0	1.001	0	0	0
0	0.0005	1.0005	0	0	0
-0.0005	-0.001	0.9995	0	0	0
-0.0015	-0.001	1.0005	0	0	0
0	-0.001	0.9995	0	0	0
-0.0005	0	1.0005	0	0	0
-0.0005	-0.001	1.001	0	0	0
0	0.0005	0.9995	0	0	0
0.001	0.0015	1.001	0	0	0
0	-0.001	1.001	0	0	0
0	0	1.002	0	0	0
0.001	0	1.001	0	0	0
-0.0005	-0.001	1.0005	0	0	0
0.001	0.0005	0.9995	0	0	0
-0.0015	-0.001	0.9985	0	0	0
0	0	1.001	0	0	0
-0.0015	0	1.002	0	0	0
-0.0005	-0.001	1.0005	0	0	0
0	0	1.0005	0	0	0
0	0	1.0005	0	0	0
-0.0005	0	0.9985	0	0	0
0.001	0	0.9995	0	0	0
0	-0.001	1.0005	0	0	0
0	-0.001	0.9995	0	0	0
0	0.0005	1.0005	0	0	0
-0.0005	0.0015	0.998	0	0	0
-0.0005	-0.001	1.0005	0	0	0
0	-0.0024	1.0005	0	0	0
-0.0015	-0.0015	0.9995	0	0	0
-0.0015	0	1.0005	0	0	0
-0.0005	0.0015	0.9995	0	0	0
-0.002	0.0005	0.9995	0	0	0
-0.0005	0.0005	0.9995	0	0	0
0	0.0005	0.9995	0	0	0
0.001	-0.0015	0.9985	0	0	0
0	-0.0015	0.9995	0	0	0
-0.0005	-0.001	1.0005	0	0	0
-0.0015	0.0015	0.998	0	0	0
-0.0005	0.0005	0.9985	0	0	0
-0.0005	-0.001	1.0005	0	0	0
-0.0005	-0.0015	0.9985	0	0	0
0	-0.0024	1.0005	0	0	0
-0.0005	-0.0015	0.9985	0	0	0
0.001	0.0005	1.0005	0	0	0
0	0.0015	1.0005	0	0	0
0	0.0005	0.9995	0	0	0
0.0015	0	1.001	0	0	0
0.001	-0.0015	0.998	0	0	0
-0.0005	-0.0015	1.0005	0	0	0
0.001	-0.0015	1.0005	0	0	0
-0.0005	0	0.9995	0	0	0
-0.0005	0	0.9995	0	0	0
0	0.0005	0.9995	0	0	0
-0.0015	-0.001	0.9985	0	0	0
0	-0.0015	1.0005	0	0	0
-0.0015	-0.001	1.001	0	0	0
-0.0015	-0.001	0.9995	0	0	0
-0.0015	0.0005	0.9995	0	0	0
0.001	0.0005	0.9985	0	0	0
-0.0005	0.0015	1.0005	0	0	0
-0.0005	-0.0015	0.9995	0	0	0
-0.0005	-0.001	0.9995	0	0	0
0.001	-0.0015	0.9995	0	0	0
-0.0005	0	1.001	0	0	0
-0.002	0.0005	0.9985	0	0	0
-0.0005	0.0015	1.0005	0	0	0
-0.0005	0	1.001	0	0	0
-0.0015	-0.001	0.9995	0	0	0
0	-0.001	0.9995	0	0	0
0.001	-0.0015	1.001	0	0	0
-0.0005	-0.0015	1.001	0	0	0
-0.0015	0	0.9985	0	0	0
0	0	0.9995	0	0	0
0	0	1.0005	0	0	0
0	0	1.0005	0	0	0
0.0015	0	1.001	0	0	0
-0.0015	-0.0015	1.001	0	0	0
-0.0015	0	1.001	0	0	0
-0.0005	0.0005	1.001	0	0	0
0	0.0005	0.9995	0	0	0
-0.0005	0	1.0005	0	0	0
0	-0.0024	1.0005	0	0	0
0	-0.0015	1.0005	0	0	0
0	-0.001	1.002	0	0	0
-0.0005	0	1.0024	0	0	0
-0.0005	0	1.001	0	0	0
-0.0005	0	0.998	0	0	0
-0.0005	0.0005	0.9995	0	0	0
0	0	0.9995	0	0	0
-0.0015	0.0005	1.0005	0	0	0
0	-0.001	0.9995	0	0	0
-0.0005	0	1.0005	0	0	0
-0.0015	0.0005	0.9995	0	0	0
-0.0005	-0.001	1.001	0	0	0
0	-0.0015	1.001	0	0	0
0.001	0	1.0005	0	0	0
-0.0005	-0.001	0.9995	0	0	0
-0.0015	-0.0015	1.001	0	0	0
0	0	0.9995	0	0	0
0.001	0.0005	0.9985	0	0	0
0	0.0005	1.001	0	0	0
-0.0015	0.0015	0.9985	0	0	0
-0.0005	0	0.9995	0	0	0
0	0	0.9995	0	0	0
0.001	-0.001	0.9995	0	0	0
0.001	-0.0015	0.9985	0	0	0
-0.0005	0	1.002	0	0	0
-0.002	0	1.0005	0	0	0
0	-0.001	0.9985	0	0	0
0.0015	-0.0015	1.001	0	0	0
-0.0005	-0.001	1.0005	0	0	0
0	0.0005	0.9995	0	0	0
0.001	0.0005	1.0005	0	0	0
0	0.0015	0.9985	0	0	0
0	0.0005	0.9995	0	0	0
0	0	1.0005	0	0	0
0	-0.0015	1.0005	0	0	0
0	-0.0015	0.9995	0	0	0
0.001	-0.001	1.0005	0	0	0
0	0.0005	1.001	0	0	0
0	0	0.9995	0	0	0
0	0.0005	1.0005	0	0	0
0	0.0005	1.0005	0	0	0
0	0	1.0005	0	0	0
-0.0005	0.0005	1.0005	0	0	0
-0.0005	0.0005	1.0005	0	0	0
0	0	1.0005	0	0	0
-0.0005	0	1.001	0	0	0
0	0	1.0005	0	0	0
0	0	0.9995	0	0	0
0	-0.001	1.001	0	0	0
-0.0005	-0.001	1.0005	0	0	0
0	-0.001	0.9995	0	0	0
0	0	1.0005	0	0	0
0.001	0.0005	0.9995	0	0	0
-0.0015	0	1.0005	0	0	0
-0.0005	0	1.0005	0	0	0
0	-0.001	0.9985	0	0	0
0	-0.0015	0.998	0	0	0
-0.0005	0.0005	0.9995	0	0	0
-0.0005	-0.001	0.9995	0	0	0
-0.0005	0.0005	0.9985	0	0	0
0.001	-0.001	0.9995	0	0	0
-0.002	-0.001	0.9985	0	0	0
0.0015	-0.001	1.001	0	0	0
-0.0005	0	1.001	0	0	0
-0.0005	0	0.9995	0	0	0
-0.0015	0.0015	1.001	0	0	0
-0.0015	0.0015	1.0005	0	0	0
0.001	0	1.001	0	0	0
-0.0005	-0.0015	0.9995	0	0	0
-0.0015	-0.0015	0.9995	0	0	0
-0.0015	-0.0015	0.9995	0	0	0
-0.0005	-0.001	1.001	0	0	0
-0.0005	0.0005	0.9985	0	0	0
-0.0015	0	1.0005	0	0	0
0.0015	-0.001	1.001	0	0	0
0	-0.0015	0.9995	0	0	0
0	-0.001	0.9995	0	0	0
0	0.0005	0.9995	0	0	0
-0.0005	0	0.9995	0	0	0
-0.0034	0.0015	1.0005	0	0	0
-0.0005	0.0005	0.9995	0	0	0
0	-0.0015	1.0005	0	0	0
-0.0005	-0.001	1.002	0	0	0
0.0015	-0.0015	1.0005	0	0	0
0	0	1.002	0	0	0
-0.0005	0.0005	0.9995	0	0	0
-0.0005	0.0005	0.9995	0	0	0
-0.0005	0.0005	0.9985	0	0	0
0	-0.0015	1.001	0	0	0
0	-0.0015	1.001	0	0	0
-0.0005	-0.0015	0.9995	0	0	0
-0.0005	0	1.001	0	0	0
-0.0015	0.0005	1.001	0	0	0
-0.0005	0.0015	1.0005	0	0	0
-0.0005	0	1.0005	0	0	0
0.001	-0.0015	0.9995	0	0	0
0	0	1.0005	0	0	0
0	0	1.0005	0	0	0
-0.0005	-0.001	1.001	0	0	0
-0.0015	0.0015	1.001	0	0	0
-0.0005	0.002	0.998	0	0	0
0	0.0005	1.0005	0	0	0
-0.0015	-0.001	1.0024	0	0	0
-0.0005	-0.0015	0.9985	0	0	0
-0.0005	-0.0015	1.001	0	0	0
-0.0005	-0.001	1.0005	0	0	0
0	0.0005	0.9995	0	0	0
0.001	0.0015	1.0005	0	0	0
0	0.0005	1.0005	0	0	0
0.0015	-0.0015	1.0005	0	0	0
-0.0005	-0.0015	1.001	0	0	0
0	-0.001	0.9995	0	0	0
0.001	-0.001	0.9985	0	0	0
-0.0005	0.0015	1.002	0	0	0
0	0.0005	1.0005	0	0	0
-0.0005	0	1.0005	0	0	0
-0.0005	-0.0015	0.9985	0	0	0
0	-0.0024	0.9995	0	0	0
0	-0.0015	0.9995	0	0	0
0.001	0	1.002	0	0	0
-0.0005	0.0005	0.9995	0	0	0
-0.0015	0.002	0.9985	0	0	0
0	0.0005	0.9985	0	0	0
-0.0005	-0.0015	0.9985	0	0	0
0	-0.0015	1.001	0	0	0
-0.0015	-0.0015	0.9995	0	0	0
-0.0015	-0.001	1.001	0	0	0
0	0.0015	1.001	0	0	0
-0.0015	0	0.9985	0	0	0
-0.002	0	0.9995	0	0	0
-0.002	-0.001	1.001	0	0	0
0	-0.001	0.9995	0	0	0
-0.0005	0.0005	1.0005	0	0	0
0	0	1.0005	0	0	0
-0.002	0.0005	0.9995	0	0	0
-0.0015	0.0015	1.0005	0	0	0
-0.0005	0	1.0005	0	0	0
-0.0005	0	1.0005	0	0	0
0	-0.0024	1.0005	0	0	0
-0.0005	-0.001	1.0005	0	0	0
0	0.0005	1.001	0	0	0
-0.0005	0.0015	1.0005	0	0	0
0	0.0005	0.9985	0	0	0
-0.0005	0	0.9985	0	0	0
0	-0.0015	1.0005	0	0	0
0	-0.0015	0.9995	0	0	0
0.001	0.0005	1.0005	0	0	0
-0.0005	0.0005	1.001	0	0	0
0	0.0015	1.001	0	0	0
-0.002	0.0005	1.0005	0	0	0
0	-0.0015	0.9995	0	0	0
-0.0005	-0.001	0.9995	0	0	0
-0.0005	-0.001	1.002	0	0	0
0	0.0005	0.9995	0	0	0
-0.0005	0.0005	1.0005	0	0	0
-0.0005	0.0005	0.9995	0	0	0
-0.0015	-0.001	0.9985	0	0	0
0.001	-0.001	1.001	0	0	0
0	-0.0015	0.9995	0	0	0
0.001	-0.001	1.001	0	0	0
-0.0005	0	0.9995	0	0	0
-0.0015	0.002	1.0005	0	0	0
0	0.0015	1.0005	0	0	0
0	0.0015	1.001	0	0	0
-0.0005	-0.0015	0.9995	0	0	0
0	-0.0015	1.0005	0	0	0
0.001	-0.0015	0.9971	0	0	0
-0.0005	0.0005	1.001	0	0	0
0	0	1.0005	0	0	0
0.0015	0.0005	1.001	0	0	0
0	-0.0015	1.0005	0	0	0
0.001	-0.001	0.9995	0	0	0
0.001	-0.001	1.002	0	0	0
0	-0.001	0.9995	0	0	0
-0.0015	0	0.9995	0	0	0
0	0.0005	0.9995	0	0	0
-0.0015	0.0005	1.0005	0	0	0
-0.0005	0	1.0005	0	0	0
0	-0.0015	1.0005	0	0	0
0.001	-0.0015	1.001	0	0	0
0	-0.001	0.9995	0	0	0
-0.0015	0.0005	0.9995	0	0	0
-0.0005	0	1.0005	0	0	0
0	0	0.9985	0	0	0
0	-0.001	1.0005	0	0	0
-0.0005	-0.001	1.001	0	0	0
-0.002	-0.001	0.9995	0	0	0
-0.0015	0	0.9995	0	0	0
0.001	0.0005	1.0005	0	0	0
0.001	0	0.9995	0	0	0
-0.0005	-0.001	1.002	0	0	0
-0.0015	-0.0015	0.9995	0	0	0
0.0015	0	0.9995	0	0	0
0	0	1.0005	0	0	0
0.001	0	1.0005	0	0	0
0	0	0.9995	0	0	0
0	-0.001	1.0005	0	0	0
0.0015	0	1.0005	0	0	0
0	-0.001	0.9995	0	0	0
-0.0005	0	1.002	0	0	0
0	-0.001	0.9985	0	0	0
-0.0015	0	1.0005	0	0	0
0	0	1.0005	0	0	0
-0.0005	-0.001	1.001	0	0	0
-0.0005	-0.001	1.0005	0	0	0
0	0	1.001	0	0	0
0.0015	-0.001	0.9985	0	0	0
0.0024	0	1.002	0	0	0
0.001	0.0005	0.9995	0	0	0
0.001	0.0005	1.0005	0	0	0
-0.0005	0.0005	1.001	0	0	0
0	-0.001	1.001	0	0	0
-0.0015	-0.001	0.9985	0	0	0
-0.0029	-0.0015	1.0005	0	0	0
-0.0005	-0.001	0.9995	0	0	0
-0.002	-0.001	0.9995	0	0	0
0.0024	0.0005	0.9995	0	0	0
0	0.0005	1.0005	0	0	0
-0.0015	0	0.9985	0	0	0
0.0015	0.0005	1.0005	0	0	0
0	-0.001	1.001	0	0	0
0.001	0	1.0005	0	0	0
0	-0.001	0.9995	0	0	0
-0.0015	0	1.0005	0	0	0
-0.0015	0	0.9995	0	0	0
0	-0.001	1.0005	0	0	0
-0.0005	-0.0015	0.9966	0	0	0
0	-0.0015	0.9995	0	0	0
0	0	1.0039	0	0	0
-0.0015	0.0015	1.001	0	0	0
0.0024	0.0015	0.9995	0	0	0
0	0.002	0.9985	0	0	0
0.001	-0.001	0.9985	0	0	0
0.0029	-0.0088	1.0039	0	0	0
0.0015	0.0044	0.9956	-0.2441	-0.9766	-3.418
0.0024	0.0005	0.9985	0	-0.061	-6.6528
-0.0029	0.002	1.0034	0	-0.4272	-4.8218
-0.002	0.0005	0.9971	-0.3662	-0.8545	-2.4414
0.001	-0.0024	1.0005	0.2441	-0.3662	-0.9155
0.0015	-0.0024	0.9985	0.1221	-0.4883	-1.8311
0.001	-0.0015	1.0005	-0.4883	-0.5493	-3.8452
0.0015	-0.001	0.998	0	0.9155	-4.8218
-0.0049	0.0029	1.0049	0.4272	0.7324	-6.4697
0.0029	-0.001	1.001	-0.061	-0.4272	-5.249
-0.0029	0.002	0.9995	0	0.3662	-3.8452
-0.002	0.0015	1.0034	-0.9155	-2.0752	-4.9438
0.0015	-0.0029	0.998	0.2441	-0.3052	-0.8545
-0.002	-0.001	1.002	-0.3052	-0.9155	0.3052
0.0015	-0.001	0.9985	0	-0.2441	-0.2441
-0.0029	0	1.002	0.2441	0.061	-0.1831
0.001	0	0.9995	0	-0.1831	-0.2441
-0.0015	0.0005	1.0005	0.1221	0.2441	-0.3052
-0.0005	0	0.998	0.3052	0.1221	-0.2441
0	-0.001	0.9995	0.061	0.061	0
-0.0005	-0.001	0.9985	0.061	0	0
-0.0005	0.0005	1.0005	0	0	-0.1831
-0.0015	0.0005	1.0005	0.061	-0.3052	0.1221
0	0	0.9995	0.1221	-0.1221	0.3052
-0.0005	-0.001	0.9995	-0.2441	-0.1221	-0.061
-0.0005	-0.0015	1.0005	-0.1831	-0.2441	0.1221
0	-0.001	0.9995	0.1831	0.061	-0.061
-0.0005	-0.001	1.001	0.061	0.3052	-0.1831
-0.0005	0.0005	0.9995	0.061	0.1221	0.1221
-0.0005	0.0015	1.002	0	0.061	0
-0.0005	0	1.0005	-0.4272	-0.1221	0.1831
0.001	-0.001	0.9995	0	0	0
0.0024	-0.0015	0.9985	0.5493	0	-0.1831
0	-0.001	1.001	-0.061	-0.2441	0
0.001	-0.0015	0.9995	-0.1831	-0.1831	-0.061
-0.0005	0	0.9995	0.1221	-0.061	0
0	-0.001	0.9995	0.3662	-0.1221	-0.1831
0	0	1.002	0.2441	-0.1221	0.061
-0.0005	0	1.0005	-0.1221	-0.1831	0.2441
-0.0015	-0.001	0.9985	-0.1831	-0.061	0.1831
0	-0.001	0.998	-0.1221	0	0.1221
-0.0005	0.0005	0.9995	0.1831	0.1221	-0.061
0	0.0005	0.9995	0.061	-0.1831	0
0.001	0.0005	0.9995	0	0	-0.061
0.001	0	1.0005	-0.1221	0.1221	-0.1221
0	-0.0015	1.0005	0.2441	0.061	0
-0.0005	-0.0024	0.9985	-0.1221	0	0
-0.0015	-0.001	0.9985	0.061	-0.3052	-0.1221
0.001	0.0015	1.0005	0	-0.1221	0
-0.0005	0.0005	1.0005	-0.061	-0.1221	0.1831
0	0	1.0005	0	0	0.1831
-0.0005	0.0005	1.001	0	0.061	0.1221
-0.0005	0	1.001	-0.1221	-0.3662	0.061
-0.0005	0	0.9995	0.4272	-0.1221	0
0	0	1.0005	0	0.1831	-0.1831
-0.0005	0	1.0005	-0.1831	-0.1831	-0.061
0.001	0.0005	0.9995	-0.1221	-0.1221	-0.061
0	0.0005	0.9995	0	-0.061	-0.2441
0	-0.001	1.0005	0.4883	-0.2441	-0.2441
-0.0015	0	1.001	0	0	0
-0.0015	-0.0015	1.002	-0.4272	-0.061	0.1221
0	0	0.9995	-0.4272	-0.1221	-0.2441
-0.0015	-0.001	1.0005	-0.061	-0.1831	-0.2441
0	0.0005	1.0005	0.1221	-0.1831	0
-0.0005	0	1.0005	-0.3662	-0.2441	-0.061
0.001	0	1.001	-0.061	-0.061	0
-0.0005	0	1.0005	0.2441	0	0
-0.002	0	0.9995	0.061	-0.3052	0
0.001	-0.0015	0.9956	0.1831	0	-0.061
0.001	-0.0039	1.0054	0.6104	2.0142	-0.061
0.0029	-0.001	0.9966	0.2441	-0.1831	-3.1128
-0.0044	0.0029	1.0039	-0.061	-0.6714	-5.9814
0.0015	0	0.9966	0.4883	0.5493	-1.8921
-0.002	0	1.0034	0.2441	-0.1831	-0.6714
0	-0.001	0.9995	-0.1831	-0.4272	-1.2817
-0.0015	0	1.001	-0.1221	-0.1221	-1.2207
0.0015	-0.001	0.9995	0	-0.1221	-1.2817
-0.0005	0.0005	1.0005	0	-0.3662	-2.3804
-0.0015	0	0.998	-0.1221	-0.5493	-3.1128
0	0	0.9995	-0.3662	-0.1831	-1.5259
0.0015	-0.001	0.9995	0.1831	0.061	-0.1221
0	0.0005	1.0005	0	0	-0.061
-0.0005	-0.001	0.9995	-0.061	-0.3052	-0.1221
0.0015	0	1.0005	0	0	-0.1221
0	-0.001	1.0005	-0.061	-0.4883	-0.061
-0.0015	0.0005	1.002	-0.1831	-0.1831	0.1221
-0.0005	-0.0024	0.9995	-0.4883	-0.2441	-0.1221
-0.0015	0	1.001	0.1831	0.1831	-0.061
0	0.0015	1.0005	0.3052	0.1221	0.1831
0.001	0	1.0005	-0.061	0.1221	-0.061
0.001	-0.001	1.0005	-0.1831	0.4272	-0.1221
0	0	1.001	0.3052	0.6714	0
0.001	-0.0015	0.9995	0.4272	0.6714	0
-0.002	-0.001	1.0024	-0.061	0.7324	-0.5493
-0.0005	0.0005	1.0005	-0.1221	-0.4272	-1.8311
-0.0005	0.0005	0.9995	0.1221	-0.1221	-0.3662
-0.002	-0.001	1.002	0.3662	0.3662	0.061
0	0.0005	0.9985	0.1221	-0.2441	0.3052
0	-0.001	0.9995	0	-0.3662	0
0.001	0.0005	1.0005	-0.061	-0.3052	0
-0.0005	-0.001	1.0005	0.1221	-0.4272	0.2441
-0.0015	-0.001	1.0005	0	-0.4272	0.1831
-0.0005	0	0.9995	-0.1221	-0.061	0.1831
-0.0005	0	1.001	-0.1831	-0.4272	0.2441
0.001	-0.0015	0.9985	-0.1221	-0.4272	0
0.0015	-0.001	1.001	-0.1221	-0.6104	-0.7324
-0.0005	0.0005	0.998	-0.6104	-1.6479	-2.6855
0	0	0.9985	-0.3052	0	-1.8921
-0.0015	-0.001	0.9985	0.061	0.5493	-0.3052
0.0215	-0.0044	0.9668	0.6104	1.9531	-0.1221
0.0068	-0.0024	0.981	4.9438	14.2822	-0.8545
0.0015	0	0.9956	0.9766	2.8687	-1.4648
-0.002	-0.001	1.001	-0.061	-0.6104	-0.2441
-0.0029	0	1.002	-0.6104	-0.8545	-0.6104
0	-0.0024	0.9985	-0.9766	-2.1362	-0.3052
-0.0005	0.0005	1.0005	-0.6104	-2.1362	-1.2207
0.001	0.0005	0.9985	-0.3662	-2.8687	-1.0376
-0.0005	0	1.001	-1.2207	-2.8076	0
0	-0.001	0.998	-0.5493	-0.8545	0.1221
-0.0005	-0.0015	0.9966	0.1831	-0.6104	0
-0.0005	0.002	1.0034	0.6104	1.1597	0
0.0044	0.002	0.9941	1.0376	2.5635	0.8545
0.0044	0.0029	0.9995	1.709	5.0049	2.1973
0.001	0.002	0.998	0.7935	3.0518	5.127
-0.0078	-0.0024	1.002	0.6104	2.3804	7.8125
-0.0063	0.0005	1.0034	0.4883	1.2207	6.1035
-0.0137	0.0068	1.001	-0.1831	-0.1221	5.4321
-0.0029	-0.0015	0.9985	-0.1831	-1.0986	13.5498
-0.0034	0.0044	0.9971	-0.3052	-0.9766	18.4937
-0.0005	-0.0098	1.0034	-0.3662	-0.1831	22.3389
-0.0063	0.0005	1.001	-0.2441	0	25.8179
-0.0068	0.0063	0.998	-0.6714	-0.7935	24.4751
-0.0225	0.0156	0.9937	-0.2441	0.4272	24.353
0.0029	0.0166	0.9897	0.061	1.3428	29.3579
-0.0005	-0.0029	0.9951	-0.3052	1.0986	37.1704
0.0039	-0.0068	1.001	0.5493	2.8687	40.7715
0.0059	-0.0088	0.9966	0.4883	2.7466	34.6069
0.0166	-0.0161	1.002	0.061	1.5869	38.5132
0.0127	-0.0112	0.9985	-0.3662	0.4272	28.6865
0.0044	-0.0024	0.998	0.061	0.2441	10.2539
0.0039	-0.0039	1.0005	0.1221	-0.4272	4.5776
0.001	0	1.0005	-0.1221	-1.2207	1.0376
0	-0.001	0.9985	-0.2441	-1.3428	-0.2441
-0.0005	0.0015	1.0005	0	-0.1221	0.1221
0.001	0.0005	0.9985	0.2441	0.4272	-0.061
0.0059	0.0083	1.002	0.6714	1.3428	-0.3052
0.1289	0.0142	0.9956	0.8545	1.9531	4.4556
-0.1001	-0.0146	1.0107	0.3052	2.8687	62.3779
-0.0063	0.0083	1.001	-0.1221	1.5259	61.2793
-0.0356	-0.0029	0.998	-0.3052	0	40.5273
-0.0195	-0.0015	0.9995	-0.061	0.4883	32.959
-0.0078	0.0005	1.001	0	-0.2441	8.4229
-0.0049	-0.001	0.9995	0.2441	-0.1221	1.709
-0.0005	0.0005	1.0005	-0.061	-0.3052	0.7935
-0.0005	0.0005	1.002	0	-0.2441	0.1831
-0.0005	0.0005	1.0005	0	0.1831	0.1831
-0.002	0	1.001	-0.061	0	0.061
-0.0015	0	1.0005	0.4272	0.1831	0.1221
-0.002	-0.001	0.9985	0.1221	0.2441	0.061
-0.0015	0.0015	1.002	-0.061	-0.061	0
-0.0186	0.0195	0.9995	0.1831	-0.5493	0.3052
-0.0225	0.0151	1.0005	-0.1831	-0.2441	15.1367
0.0054	-0.0015	1.001	-0.6714	-0.1221	35.8887
-0.0029	0.0151	0.9995	-0.9155	0	32.7759
-0.0171	0.0229	1.0024	-0.1221	-0.1221	21.2402
-0.0068	0.0049	1.001	-0.1221	0.3052	16.3574
-0.0044	0.0054	1.0005	-0.2441	0.3662	11.2305
-0.002	0.0063	0.998	0.061	0.3662	5.0049
0.0039	0.0269	0.9985	0	0.3662	7.8125
-0.0098	0.0386	1.0024	-0.4883	0.6714	32.4097
0.0044	0.0298	1.001	-0.9766	0.3052	61.2183
-0.0127	0.0371	1.001	-1.0376	-0.3052	71.228
0.001	0.0107	1.0005	-1.2207	-0.5493	73.1812
-0.0015	-0.0215	0.9956	-0.9766	0.061	66.1011
-0.0166	-0.0229	0.998	-0.6714	0	42.7246
-0.0229	-0.0161	0.9971	-0.4883	-0.7324	31.0669
-0.0137	-0.0156	0.9995	-0.6104	-0.3662	33.8745
-0.0151	0.0078	0.9971	-0.3662	0.3662	35.7666
-0.0181	0.0313	0.9971	-0.4883	0.4272	37.2314
0.0073	0.02	0.9995	-0.4272	0	39.978
0.0156	0.0156	0.9985	-0.4272	0.3662	32.5317
0.0166	-0.0112	1.0039	-0.5493	0.3052	22.3389
0.0171	-0.0347	0.9995	-0.1831	0.9766	18.7988
0.0146	-0.0542	1.001	-0.4272	-0.5493	21.4233
0.0098	-0.0415	0.998	-0.4272	-0.1831	19.5923
0.0166	-0.0474	1.001	-0.061	0.2441	19.8364
0.0142	-0.0396	1.0005	-0.2441	-0.061	16.0522
-0.0015	-0.0024	0.9995	-0.2441	-0.1831	4.3945
-0.0015	0	0.9995	-0.1221	-0.061	-1.4038
-0.0015	0.0029	1.0005	-0.2441	0.2441	-0.2441
-0.0005	0.0083	1.0005	0.061	0.4272	-1.4648
-0.0059	0	1.0005	0.4883	0.5493	-9.5215
0	-0.0073	1.0005	0.5493	0.4883	-9.4604
0.001	-0.0044	1.0005	0.3052	0.4272	-3.9673
-0.0015	-0.0015	1.0005	0.3662	0.4272	-0.7935
-0.0015	0.0005	1.0005	0.3052	0.4272	0
-0.0015	0	0.9995	-0.4272	0.3662	0.1221
-0.0015	0	0.9985	0.1831	0.6714	0
-0.002	0	1.0005	0.6714	0.4272	0
-0.002	0.0005	0.9985	0.3662	0.3662	0.3662
-0.002	-0.001	1.0005	-0.1221	0.4883	0.061
0.0073	-0.0059	1.0005	-0.061	-0.061	-0.3662
0.0029	-0.0068	0.9995	0.3662	-0.4883	-5.0049
-0.0112	0.0063	0.9985	0.3662	-0.2441	-15.3198
-0.0078	0.0044	1.0005	0.1831	0.061	-12.146
-0.002	0.0015	1.0005	0.4883	0	-1.709
-0.002	0	1.0005	0.3662	-0.3662	0.6714
-0.0015	-0.001	0.9995	-0.3052	-0.6714	-0.1221
0.0171	-0.0161	1.0005	-0.2441	-0.4272	0.061
0.0073	-0.0117	0.9995	-0.1831	-0.7935	0.2441
-0.0244	0.0137	1.001	0	-1.709	8.4229
-0.0215	0.0034	0.9995	-0.3662	-1.4038	12.5122
-0.0093	0.0142	0.998	-0.3662	-0.3662	22.2168
0.0098	0.021	0.9995	-0.4272	0.4883	37.1704
0.0244	0.0098	0.9995	-0.9766	-0.1221	46.6919
0.0327	0.0166	1.001	-0.9766	0.061	52.002
0.0029	-0.001	1.0024	-0.4272	-0.3052	49.6826
-0.0107	-0.0215	1.002	-0.4883	-1.0986	37.7197
-0.0151	-0.0161	0.9995	-0.4883	-1.8311	24.353
-0.0059	-0.0068	1.0396	0.4272	-1.0986	36.0107
0.0332	0.0342	1.021	23.6206	-0.6714	69.3359
0.0498	0.0596	0.9941	62.561	-0.6714	74.2188
0.0356	0.0498	0.9912	64.1479	-0.4272	55.2979
0.0425	0.002	0.9985	54.0771	-1.4648	30.3345
0.0083	-0.0586	1.0522	47.1191	-4.5166	12.085
-0.0542	-0.0674	1.0664	2.5024	-32.0435	-7.3853
-0.043	-0.0117	1.0894	-66.4673	-42.4194	-31.8604
-0.02	0.0337	1.0898	-88.9893	-28.6865	-33.3252
-0.0078	0.0293	1.0527	-82.0313	-6.5308	-33.0811
-0.0186	0.0044	1.0522	-75.5615	6.4697	-32.5928
-0.0166	0.0068	1.0684	-61.7065	-5.6763	-26.123
-0.0063	-0.0054	1.0728	-38.5132	-7.2632	-5.0049
-0.0093	-0.0024	1.0742	-15.8691	11.8408	19.8364
-0.0093	0.0229	1.0825	-3.2349	16.5405	27.771
-0.002	0.0586	1.0645	5.9204	24.353	32.6538
0.0039	0.0444	1.0386	17.1509	40.4053	32.959
-0.0049	0.0083	1.0186	20.4468	44.2505	18.3716
0.0142	0.0044	1.0127	18.2495	35.2783	1.5259
0.0083	-0.0127	1.0034	18.1274	23.7427	-3.2959
0.0039	-0.0215	1.0156	17.9443	13.4277	5.127
0.0068	-0.0156	1.0327	19.2261	-1.4648	11.1694
0.0024	-0.0244	1.0522	17.7002	-8.606	13.855
-0.0151	-0.0298	1.0508	7.5073	-10.7422	13.4888
0.0127	-0.0215	1.0078	0.7935	-1.0986	16.1133
0.0371	-0.0112	0.9819	4.8828	9.5215	26.6113
0.0283	0.0049	0.9912	1.77	-7.2632	23.3154
0.0103	-0.0024	1.0234	4.4556	-29.4189	23.0103
0.0068	0	1.0371	11.7188	-34.1797	22.3389
0.021	-0.0044	1.0293	9.2163	-26.062	15.0757
0.0415	-0.0098	1.02	0.7324	-16.4185	6.5308
0.0439	-0.0068	0.9941	-11.4136	-16.6016	1.709
0.0386	-0.0015	0.981	-21.4233	-17.5171	0.4883
0.0259	-0.0083	0.9971	-21.8506	-20.1416	-0.3662
0.0073	-0.0181	1.0181	-20.4468	-25.4517	-0.5493
-0.0083	-0.021	1.0234	-14.5264	-24.5972	8.728
-0.0063	-0.0225	1.0254	-10.6201	-15.8691	18.6768
-0.0059	-0.0273	1.0215	-7.6294	-9.2773	17.9443
0.0132	-0.0332	1.0078	-3.9673	-4.3945	14.2822
0.0225	-0.0171	1.0078	-15.3809	-2.5635	-2.9297
0.0146	-0.0029	1.0298	-37.9028	-12.8784	-20.874
0.0015	0.0015	1.0522	-49.9268	-16.7236	-30.5786
0.0029	-0.0103	1.0479	-52.5513	-8.8501	-34.9121
-0.002	-0.02	1.0386	-49.7437	0.7935	-34.9121
-0.0137	-0.0356	1.043	-47.4243	1.709	-28.6255
-0.0122	-0.0215	1.0356	-40.2832	6.897	-18.7988
0.0117	-0.0088	1.0151	-27.771	18.2495	-8.3008
0.0156	-0.0029	1.0107	-17.1509	17.5781	-2.9907
0.0068	-0.0073	1.0269	-10.7422	3.2959	-3.7231
-0.0015	-0.0142	1.0356	-5.0049	-1.8921	-2.6245
-0.0107	-0.0254	1.0342	-5.3711	2.2583	-2.9297
-0.0093	-0.0371	1.0225	-11.4136	5.6763	-6.7749
-0.0029	-0.0376	1.0049	-20.9351	8.9722	-9.1553
-0.0015	-0.0259	0.9912	-30.6396	5.7373	-11.6577
0.0024	-0.0313	0.998	-32.6538	-2.6245	-10.1929
-0.0049	-0.0288	1.0313	-32.8369	-11.9019	-10.498
-0.0186	-0.0283	1.0571	-23.7427	-17.6392	-6.3477
-0.0171	-0.0269	1.0679	-7.2021	-9.8267	7.2021
-0.0142	-0.0259	1.0664	1.2817	-0.3052	16.6016
-0.0093	-0.0215	1.0479	3.1738	6.7749	16.1743
-0.0127	-0.0083	1.0254	2.4414	10.9253	9.0942
-0.0142	-0.0103	1.0181	0	13.3667	5.6763
-0.0181	-0.0303	0.9966	2.1362	13.916	5.9204
-0.0156	-0.0298	0.9805	5.4321	16.0522	7.5073
-0.02	-0.0303	0.9907	3.6011	11.1084	4.4556
-0.0171	-0.0259	1.0078	1.1597	3.9673	2.1973
-0.0112	-0.0303	1.0122	-0.5493	2.5635	3.9673
-0.0029	-0.0186	1.0186	-2.8687	3.7842	9.2773
0.001	-0.0068	1.021	0.7324	1.4038	18.7378
-0.0059	-0.0156	1.0186	9.8267	0.4272	30.8838
-0.0298	-0.0273	1.0308	24.0479	-3.1738	44.0674
-0.0327	-0.0396	1.0225	36.2549	-5.0659	47.8516
-0.0156	-0.0415	0.9927	36.1328	2.4414	44.6167
0.0068	-0.0239	0.9712	27.5269	2.6245	39.2456
0.0083	-0.0142	0.9756	16.1133	-10.5591	29.0527
-0.0068	-0.0269	0.9897	10.9253	-24.292	19.7144
-0.0181	-0.04	1.002	12.5122	-26.2451	18.1274
-0.0166	-0.0425	1.0063	14.0991	-20.5078	21.3623
0.0039	-0.0254	0.9863	12.4512	-10.376	24.5972
0.0181	-0.0195	0.9819	12.6343	-4.5166	29.9072
0.02	-0.0024	0.9937	14.2822	-8.606	34.8511
0.0166	0.0083	1.0034	16.9067	-14.4653	39.0015
0.021	0.0122	0.9971	23.6206	-9.5215	39.6729
0.0195	0.0034	0.9907	23.3154	-7.5073	32.6538
0.021	-0.0132	0.978	20.752	-7.4463	22.9492
0.0103	-0.0225	0.9756	18.4937	-7.7515	15.0146
0.0117	-0.0259	0.9868	12.6953	-8.4229	13.4277
0.0103	-0.0254	0.9893	10.7422	-6.1035	14.0381
0.001	-0.0356	0.9951	7.7515	3.7231	12.6953
0.0098	-0.0327	0.9834	7.9956	9.3994	15.8691
0.0229	-0.0161	0.9697	6.5918	14.0991	19.4702
0.0283	0.0034	0.9683	-0.1831	9.0942	16.4795
0.02	0.0049	0.9849	-4.3335	-0.3662	14.5874
0.0112	-0.0054	0.9956	-2.1973	-0.7935	19.2261
0.0112	-0.0098	1.002	1.3428	2.7466	26.6724
0.0215	-0.0088	1.0005	8.3618	3.479	30.5786
0.0059	-0.02	1.0137	15.4419	0.9155	28.4424
-0.0083	-0.0356	1.0195	17.5781	-2.9907	20.874
-0.0127	-0.0332	1.0137	14.6484	-1.709	13.5498
-0.0078	-0.0195	1.0024	6.5308	4.5776	6.4087
0.0059	-0.0088	0.9854	0.1221	10.0708	3.418
-0.0151	-0.0156	0.979	-2.0752	8.667	-1.3428
-0.0034	-0.0098	0.9912	-4.9438	9.1553	-0.7935
0.0029	-0.0327	1.0122	-2.9297	7.5073	1.709
0.0024	-0.0313	1.0166	-2.4414	11.0474	6.8359
0.02	-0.0269	1.0137	-8.728	13.9771	11.4746
0.0244	-0.0112	1.0156	-12.0239	15.3809	13.0005
0.0166	-0.001	1.0107	-9.0942	9.0942	16.7236
0.0068	-0.0015	1.0068	1.77	8.0566	24.0479
-0.0005	-0.0112	0.9966	9.2773	6.1646	22.3999
-0.0005	-0.0288	0.9878	13.916	1.2817	23.1323
-0.0049	-0.0146	0.9907	22.2168	-1.3428	28.0762
-0.0015	-0.0142	0.9927	34.3628	-1.8921	36.1328
0.0142	-0.0142	0.9834	49.8657	-0.9766	42.6636
0.0181	-0.0342	0.9951	59.082	-3.2349	39.1846
-0.02	-0.0068	0.9819	64.3921	-9.6436	25.7568
-0.0151	-0.0112	0.9541	45.4712	-4.4556	28.6255
-0.0093	0.0313	0.9111	35.6445	13.1226	39.0625
-0.0078	0.043	0.8706	40.7715	21.0571	45.6543
-0.0098	0.0366	0.8433	55.3589	18.9209	49.4385
-0.0078	-0.0073	0.8564	69.519	-2.3804	51.6968
0	0.0142	0.8604	53.3447	-3.1128	44.0063
-0.0005	0.0112	0.875	39.978	-8.667	36.9873
0.0166	0.021	0.8765	29.2969	-8.7891	29.2969
0.0142	0.0352	0.8896	16.4795	-8.4229	22.8271
0.0098	0.0537	0.9077	8.606	-9.4604	20.6909
0.0068	0.0483	0.9224	6.1035	-3.1738	16.4795
0.001	0.0371	0.9321	6.5918	3.3569	12.4512
-0.002	0.0283	0.9326	6.958	5.4321	12.5732
0.001	0.0239	0.9307	8.1787	5.188	15.8081
0.0098	0.0327	0.9307	11.4136	4.2725	15.9302
0.0186	0.0386	0.9292	13.855	1.77	12.8784
0.02	0.0327	0.9341	12.8784	-2.4414	5.6152
0.0186	0.0337	0.9463	10.1318	-6.8359	-3.8452
0.0103	0.0239	0.959	5.7983	-9.3384	-5.7373
0.001	0.0112	0.9712	4.6387	-7.8735	1.6479
0.0044	0.0098	0.978	0.6104	-6.1646	5.9204
0.0166	0.0151	0.9819	-2.0752	-1.8921	6.958
0.021	0.0181	0.9937	-1.4038	-4.3945	4.2114
0.0181	0.0186	1.0054	3.479	-7.6294	4.2114
0.0142	0.0186	1.0171	7.0801	-5.4932	5.5542
0.0044	0.0269	1.0215	5.249	-1.3428	4.3335
-0.0015	0.0283	1.0166	3.2349	7.2021	2.6245
0.0024	0.0244	1.0078	1.0986	17.4561	1.5259
0.0024	0.0244	0.9985	-3.1128	19.7754	-1.709
0.0029	0.0239	0.9971	-2.3193	19.2261	0.7324
0.0103	0.0195	0.9863	1.1597	17.4561	3.1128
0.0142	0.0293	0.9854	-1.5259	12.4512	-1.6479
0.0059	0.0352	1.001	-6.5308	4.1504	-5.4321
-0.0005	0.0381	1.0078	-7.4463	1.3428	-5.8594
0.0024	0.0283	1.0024	-4.8218	4.5166	-4.4556
-0.0029	0.0215	0.9966	-4.6997	6.4087	-4.3945
-0.0142	0.0225	1.0142	-5.0049	5.6152	-4.3335
-0.0195	0.0098	1.0215	0.9766	9.9487	-1.5869
-0.0063	0.0093	1.0083	8.1177	20.3857	1.0376
0.0088	0.02	0.9839	11.2305	25.4517	4.5776
0.0117	0.021	0.9736	10.9253	17.7612	4.6387
-0.002	0.0254	0.9849	10.3149	4.1504	2.9907
-0.0078	0.0337	1.0049	9.5215	-3.9063	3.2349
-0.0063	0.041	1.0024	8.728	-1.77	4.4556
-0.0112	0.0342	1.0093	6.2256	2.8076	3.1128
-0.0166	0.0215	1.0137	3.7231	5.0049	0.8545
-0.0107	0.0181	1.0107	2.9297	9.9487	-2.5635
-0.0083	0.0107	1.0024	2.3804	14.7705	-1.6479
-0.0063	0.0229	1.0034	0.2441	13.0615	0.1831
-0.0029	0.043	0.998	0.4883	10.498	3.6621
0.0029	0.0542	0.9863	5.3711	10.2539	7.0801
0	0.043	0.9839	10.2539	5.7983	5.3101
-0.0083	0.0322	0.9854	12.6343	-0.061	2.9297
-0.0078	0.0269	0.979	12.6343	-1.5259	4.6997
-0.0068	0.0283	0.9741	7.2632	-0.7324	4.4556
-0.0137	0.0195	0.9834	-0.061	-2.3804	2.3804
-0.0151	0.02	0.9912	-4.6997	-5.188	0.8545
-0.0151	0.0142	0.9956	-5.8594	-4.3335	-0.4272
-0.0127	0.0215	0.9995	-5.6152	-3.6011	-0.1831
-0.0078	0.0244	1.0024	-2.0142	-2.5024	2.1362
-0.0029	0.0381	0.9971	-0.6104	-2.9297	1.3428
0.001	0.0381	0.9951	0.061	-5.127	-1.4648
0.0068	0.0298	0.9883	1.0376	-6.8359	-1.6479
-0.0044	0.0293	1.0039	0.3052	-9.2773	0
-0.0127	0.0356	1.0234	-0.9766	-14.0991	-0.5493
-0.0107	0.0259	1.0234	-0.1831	-9.0332	-1.4038
-0.0068	0.02	1.0078	0.4272	1.3428	-3.6011
-0.002	0.0166	0.9956	-0.3662	5.3101	-5.0659
-0.0005	0.0225	0.998	-2.8076	3.3569	-4.9438
-0.002	0.0229	1.0024	-4.5166	0.1221	-1.5869
-0.0034	0.0244	1.0049	-5.4321	-1.1597	-0.2441
-0.0059	0.0293	1.0107	-5.7373	-3.479	-0.7324
-0.0029	0.0337	1.0083	-5.4932	-2.1362	-1.5869
-0.0063	0.0313	1.0083	-2.8687	2.1973	-1.0376
-0.0015	0.0352	1.0005	-0.7935	5.188	-2.1362
0.0039	0.0386	0.9951	-0.2441	8.5449	-2.4414
-0.0059	0.0381	1.0024	0.3662	7.0801	-5.249
-0.002	0.0352	0.998	3.7842	3.8452	-7.0801
0.0059	0.0396	0.9922	4.5776	5.7373	-6.8359
0	0.0166	0.9907	3.0518	0.6104	-10.1929
-0.0093	0.0078	1.0034	2.1973	-6.0425	-9.5825
-0.0166	0.0063	1.02	-1.6479	-9.4604	-5.5542
-0.0259	0.0127	1.0327	-3.2349	-7.0801	0.3052
-0.021	0.0283	1.0308	-3.6621	-0.1831	1.709
-0.0151	0.04	1.0269	0.9766	8.606	4.2114
-0.0083	0.0415	1.0127	5.249	12.146	2.3193
0.0024	0.0415	0.9995	7.1411	13.0005	0.4272
0.0059	0.0425	0.9985	9.2773	9.2773	1.2817
0.0059	0.0381	0.9971	8.667	3.479	0.6714
-0.0034	0.0298	1.001	7.3853	0.6714	-0.8545
-0.0059	0.0298	1.001	5.3711	-1.4648	-1.8921
-0.0107	0.0181	1.001	6.1646	0.8545	-0.061
-0.0083	0.0063	1.001	7.1411	2.7466	1.2207
-0.0122	0.0068	0.9951	4.5166	0.1831	-3.1128
-0.0049	0.0034	0.9956	4.8828	-2.8076	-3.7231
-0.0034	0.0137	1.0024	8.3008	-5.0049	0.3662
-0.0005	0.0278	0.9995	7.9346	-5.3711	3.9673
-0.0029	0.0298	1.001	11.7798	-2.1362	11.1694
-0.0049	0.0254	1.001	19.043	0.9155	15.5029
-0.0122	0.0171	1.0039	15.4419	-0.061	9.3994
-0.0078	0.0156	0.9971	6.7749	0.2441	3.7231
0	0.0298	0.9897	1.4648	3.7231	4.8218
0.0044	0.0493	0.9893	-1.1597	1.8311	4.0894
0.0044	0.0513	0.9937	-0.1221	-1.8921	2.9907
-0.0015	0.0493	0.9985	9.1553	-2.3804	7.4463
-0.0034	0.0439	0.998	17.2729	-2.0142	9.3994
-0.0029	0.0356	0.998	21.2402	-0.3052	8.4229
-0.0044	0.0283	0.998	21.3623	1.1597	8.1177
-0.0005	0.0278	0.9927	15.0757	2.3804	4.2725
0.0015	0.0308	0.9824	6.1035	4.9438	0.1831
0	0.0313	0.9839	-0.9155	4.7607	-2.0142
-0.0005	0.0356	0.9907	-1.9531	3.8452	-1.1597
-0.002	0.0396	0.998	-2.0142	2.0752	-2.9297
-0.0044	0.0425	0.9985	-0.1831	2.9297	-3.8452
-0.0059	0.0469	0.9956	2.2583	3.2959	-3.54
-0.0059	0.0557	0.9907	1.8311	3.0518	-2.3804
-0.0049	0.0566	0.9893	-0.1831	1.8921	-2.7466
0	0.0566	0.9883	0.3052	2.2583	0.8545
-0.0034	0.0513	0.9951	4.3335	3.1128	8.9111
-0.0107	0.0508	0.9995	2.5635	1.0376	10.498
-0.0083	0.0557	1.0078	-0.8545	0.1221	10.8643
-0.0093	0.064	1.0054	-3.7842	1.3428	4.7607
-0.0151	0.0674	1.0049	-9.8877	2.3804	-3.54
-0.0186	0.0625	1.001	-13.0615	3.6621	-9.8877
-0.0083	0.0757	0.9819	-10.9253	6.8359	-11.9019
-0.0034	0.0752	0.9766	-1.0376	8.1177	-5.249
0	0.0757	0.9795	7.0801	5.6152	-0.4272
-0.0044	0.0801	0.9951	10.9863	0.061	-1.5259
-0.0049	0.0884	1.0112	11.1694	-4.8218	-5.4932
-0.0063	0.0903	1.02	7.0801	-3.8452	-9.6436
-0.0093	0.0913	1.0166	1.6479	2.4414	-12.6953
-0.0098	0.0898	1.0054	-2.5635	10.498	-15.3198
-0.0068	0.0928	0.9971	-4.3945	15.9912	-16.1133
-0.0127	0.0952	0.9941	-7.4463	18.0664	-16.3574
-0.0107	0.1074	0.9893	-7.6904	15.8081	-17.334
-0.0068	0.1055	0.9839	-3.2349	12.3291	-17.2729
-0.0044	0.106	0.981	0.3662	7.9956	-19.5923
-0.0068	0.0967	0.9756	-3.1128	3.0518	-26.4282
-0.0127	0.0889	0.9722	-10.5591	0.1831	-34.668
-0.0181	0.0708	0.9668	-15.564	5.6152	-36.438
-0.0186	0.0557	0.9575	-18.7378	9.5215	-35.1563
-0.0166	0.041	0.9595	-17.9443	10.437	-28.1982
-0.0107	0.0425	0.9624	-13.6719	9.0942	-18.6157
-0.0034	0.0557	0.9751	-10.0098	4.8828	-14.0991
-0.0122	0.0767	1.001	-11.4136	-4.1504	-19.3481
-0.0186	0.0659	1.0293	-12.3901	-7.5684	-22.644
-0.0181	0.0874	1.0278	-18.9819	0.3662	-27.771
-0.0068	0.0796	1.0166	-30.9448	13.7939	-34.4238
-0.0063	0.064	1.0068	-33.5083	26.3062	-33.7524
0.0029	0.0625	0.9834	-29.6631	33.1421	-25.9399
0.0073	0.0698	0.9692	-16.8457	29.8462	-16.4795
0.0029	0.0757	0.9795	-4.3945	18.5547	-13.3057
-0.0068	0.0708	0.9951	2.4414	-4.4556	-21.3623
-0.0142	0.0781	1.0151	11.2915	-16.1743	-25.9399
-0.0229	0.064	1.0356	15.4419	-14.7705	-24.9023
-0.021	0.0913	1.0581	10.498	-4.0283	-26.9165
-0.0308	0.0581	1.0552	-2.3193	11.7798	-34.1187
-0.0293	0.0356	1.0337	-1.2817	26.9775	-41.687
-0.0283	0.0308	1.0054	5.6763	37.7808	-39.917
-0.0171	0.0371	0.9795	7.5684	34.5459	-36.5601
-0.0142	0.063	0.9736	9.9487	21.9727	-27.9541
-0.021	0.0708	0.9849	18.9209	2.1973	-26.3062
-0.0293	0.0552	1.001	26.7334	-8.1787	-26.8555
-0.04	0.0356	1.0142	29.8462	-11.7798	-31.189
-0.04	0.0225	1.0156	22.2778	-8.0566	-38.208
-0.0308	0.0254	1.0039	11.1084	2.3193	-38.3301
-0.0151	0.0396	0.9795	2.8076	11.3525	-35.0342
-0.0254	0.0142	0.978	7.0801	5.188	-31.0059
-0.0601	-0.0156	1.0005	20.813	-7.5073	-21.7285
-0.0513	-0.0117	0.9937	31.9824	-11.2915	-10.9253
-0.0327	-0.0039	0.9639	31.9214	-10.1929	-9.2163
-0.0244	0.0107	0.9541	21.6675	-19.2261	-16.5405
-0.02	0.0259	0.9575	9.8877	-28.6865	-23.4375
-0.0229	0.0293	0.9604	2.2583	-30.7617	-28.1982
-0.0181	0.0078	0.9556	-2.5024	-23.9258	-28.0151
-0.0122	-0.0073	0.9634	-10.2539	-19.8975	-29.9072
-0.0107	-0.021	0.9653	-17.5781	-19.5313	-26.6724
-0.0195	-0.0112	0.9985	-14.2822	-25.8789	-14.7705
-0.0269	0.0049	1.0356	-0.3662	-30.7617	0.2441
-0.021	0.0308	1.0386	6.7139	-25.5127	4.7607
-0.0068	0.0439	1.0327	7.8125	-15.625	-0.5493
-0.0015	0.0508	1.0142	7.2021	-7.9346	-12.3291
-0.0034	0.0474	0.9971	1.8921	-3.8452	-23.9868
0.0039	0.0474	0.9883	1.8921	2.0142	-23.7427
0.0142	0.061	0.9927	-2.0142	6.1646	-23.5596
0.0039	0.0493	1.0112	1.2817	7.6294	-21.0571
0.0073	0.0396	1.0127	3.9673	11.1084	-17.6392
-0.0181	0.0171	1.0327	0.7935	10.7422	-21.2402
-0.0308	0.0122	1.0337	5.8594	12.146	-18.9819
-0.0337	0.0083	1.0278	7.4463	12.6953	-22.0337
-0.0371	0.0308	1.0137	2.1362	15.3809	-22.8271
-0.0166	0.0557	0.9966	2.9297	20.3247	-16.8457
0	0.0708	0.9771	3.0518	20.5078	-18.1274
0.0039	0.0483	0.9839	5.9814	13.7329	-18.9819
-0.0029	0.0308	0.998	7.5073	3.479	-18.0664
-0.0093	0.0313	1.0151	4.1504	-0.4272	-15.1978
-0.0269	0.0454	1.0283	-2.6855	-2.0142	-12.8784
-0.0293	0.04	1.0225	-0.7935	3.3569	-6.0425
-0.0151	0.043	0.9883	6.1646	11.8408	-6.5918
-0.0112	0.0366	0.9648	6.897	9.0332	-15.2588
-0.02	0.0283	0.9736	12.8784	-5.249	-14.4043
-0.0186	0.0327	0.9795	23.9868	-17.9443	-5.4321
-0.0171	0.0283	0.9927	20.9961	-20.0806	-2.8076
-0.0195	0.0225	1.0098	14.6484	-20.5688	-2.0752
-0.0215	0.0112	1.0122	10.0098	-19.165	-4.3335
-0.0293	-0.0098	1.002	4.3945	-11.1694	-7.8735
-0.0254	-0.0132	0.9805	-1.4648	0.5493	-7.0801
-0.0029	0.0151	0.9595	-0.3662	13.0615	4.1504
0.0112	0.0444	0.9619	-6.5918	6.1646	6.4087
-0.0112	0.0308	0.9985	-11.1084	-13.9771	2.1973
-0.0239	0.0054	1.02	-5.127	-28.6255	-2.6245
-0.0244	-0.0059	1.0308	-2.8687	-29.2358	-9.8267
-0.0327	-0.0103	1.0366	-8.0566	-28.5034	-15.564
-0.0415	-0.0024	1.041	-1.0376	-23.8647	-3.8452
-0.063	0.0225	1.0322	15.8691	-12.5122	17.8223
-0.0366	0.0483	1.0122	22.0337	5.9814	30.3955
0.0054	0.0625	0.9907	18.0054	32.959	36.8652
0.0073	0.0586	0.9595	12.3901	32.2876	19.2871
0.0142	0.0093	0.9604	4.0283	23.0103	-4.4556
0.0103	0	0.9551	-12.8784	11.8408	-27.8931
0.0098	-0.0015	0.9551	-28.8086	7.019	-36.377
0.0146	-0.0083	0.9663	-17.8833	5.4932	-27.0996
-0.0029	-0.0283	0.9868	0.4272	0	-15.8081
-0.0181	-0.0527	1.0083	9.2773	-7.019	-4.2114
-0.0078	-0.0586	1.0039	8.1787	-7.0801	0.6104
-0.0078	-0.0562	1.0112	-7.9346	-12.207	-10.9253
-0.0098	-0.0371	1.0308	-27.2217	-23.3765	-26.001
-0.0083	-0.0371	1.0493	-31.4331	-27.5879	-31.189
-0.0142	-0.02	1.04	-23.1323	-20.9961	-25.0854
-0.0098	-0.0327	1.0371	-13.1226	-8.3618	-14.4653
-0.0083	-0.0273	1.0278	-4.0283	2.7466	-5.7373
-0.0034	-0.0303	1.0156	5.6152	10.7422	1.8921
-0.0171	-0.0229	1.0093	17.5171	15.9912	13.0615
-0.0283	-0.0117	1.0142	37.1704	12.5122	33.5083
-0.0049	0.0215	0.9971	48.5229	12.7563	42.7856
0	0.0381	0.9937	43.396	9.0332	29.4189
-0.0093	0.0337	0.9985	35.0342	1.6479	11.8408
-0.0283	0.0083	1.0093	22.0337	-3.2959	-7.2632
-0.0215	0.0049	0.9971	4.8218	5.4932	-19.2261
-0.0083	0.0029	0.9741	-11.3525	15.3198	-23.6206
-0.0093	0.0127	0.9683	-15.686	20.1416	-18.1274
-0.0186	0.0063	0.9927	-3.54	13.7329	-1.6479
-0.0215	-0.0132	1.0293	9.0332	8.606	12.8784
-0.0215	0.0151	1.0415	6.2256	5.188	11.0474
-0.0063	0.0322	1.0366	-0.1221	7.5684	5.7373
-0.0029	0.043	1.0283	-0.4272	6.8359	0.7324
-0.0098	0.041	1.0234	-4.8218	-0.9155	-10.1929
-0.0195	0.0366	1.0127	-11.5967	-1.77	-18.4326
-0.0215	0.0386	0.9937	-24.9634	2.2583	-30.1514
-0.0078	0.0371	0.9653	-38.3911	10.3149	-39.856
-0.0151	0.0352	0.9741	-31.6162	8.9722	-29.0527
-0.0352	0.0083	1.0068	-1.6479	-0.7935	-3.7231
-0.04	0.0107	1.0249	14.9536	-6.7139	5.6152
-0.0308	0.0142	1.0308	16.6016	-2.2583	11.3525
-0.0181	0.0537	1.0308	12.9395	2.3804	10.498
-0.0225	0.0708	1.0298	9.1553	-1.5259	3.7842
-0.0239	0.0654	1.0308	9.9487	-3.2959	1.4648
-0.0273	0.064	1.0186	11.8408	-1.2207	1.5869
-0.0352	0.0552	1.0107	8.9111	2.5635	1.6479
-0.0327	0.0381	1.0181	3.418	3.479	0.7935
-0.0298	0.04	1.0127	-3.2349	4.4556	1.0986
-0.0225	0.0313	1.0186	-8.0566	5.6152	2.1973
-0.021	0.0415	1.0234	-2.7466	3.2349	11.3525
-0.021	0.0474	1.0195	-0.1831	0.7935	13.6719
-0.02	0.0669	1.0054	-2.9297	3.418	11.5356
-0.021	0.063	0.998	-1.2207	7.9956	11.6577
-0.0215	0.0688	0.9863	1.0376	9.8877	13.2446
-0.0239	0.0552	0.9878	8.1787	12.0239	23.4985
-0.0239	0.04	0.9941	17.395	6.7139	32.3486
-0.0283	0.0342	0.9985	20.4468	-1.8311	33.5083
-0.0313	0.0352	1.0068	16.4185	-6.2866	27.4658
-0.0313	0.0356	1.0156	8.0566	-9.5215	20.3247
-0.0371	0.0352	1.0171	3.3569	-6.7139	19.2261
-0.0327	0.0352	1.0156	3.8452	0.9155	23.1323
-0.0186	0.0356	1.0005	7.5073	6.4697	29.2358
-0.0107	0.0439	0.9922	14.0991	6.2866	32.6538
-0.0098	0.0444	1.0049	16.7236	-2.9907	29.3579
-0.0293	0.0278	1.0186	19.6533	-10.0708	26.062
-0.0342	0.0142	1.0283	20.813	-5.5542	24.9023
-0.0386	0.0166	1.0264	13.916	4.0894	24.4141
-0.0293	0.0327	1.0093	8.0566	15.8691	26.6724
-0.0034	0.0439	0.9854	8.1177	29.4189	30.9448
0.0146	0.0566	0.9668	5.7983	30.9448	27.4658
0.0156	0.0513	0.9697	2.9297	23.3154	18.8599
0.0098	0.0381	0.9868	2.8687	13.0615	14.7095
0.001	0.0386	1.001	4.6387	5.188	13.6108
0.0015	0.0483	1.0024	4.4556	4.9438	12.5122
0.0015	0.04	1.0049	6.6528	7.7515	11.7188
0.0024	0.0327	0.998	10.1318	12.4512	8.9722
0.0146	0.0386	0.9824	5.127	17.0898	5.8594
0.0332	0.0508	0.9683	1.8311	19.3481	9.0942
0.0303	0.0483	0.9678	10.0708	15.0146	21.3623
0.0244	0.0498	0.9805	16.6626	1.2817	27.4048
0.0112	0.0474	1.002	16.7847	-10.5591	24.9634
0	0.041	1.0186	13.9771	-15.4419	21.9116
0	0.0342	1.0127	9.9487	-12.6953	16.5405
0.0015	0.0337	0.9956	3.54	-8.3618	9.4604
0.0015	0.0371	0.9795	-0.1831	-7.019	7.8125
0.0073	0.0459	0.9805	2.6855	-7.5684	14.3433
0.0073	0.0508	0.9893	8.606	-8.1787	24.6582
0.0073	0.043	0.9995	11.6577	-8.4839	31.7383
0.0112	0.043	1.0107	11.3525	-10.2539	34.9731
0.0127	0.0396	1.0186	11.9629	-12.6953	31.5552
0.0039	0.0195	1.0249	7.8125	-14.8315	22.8271
-0.0093	0.0259	1.0215	-4.5776	-13.7329	10.8032
0.0029	0.0483	1.0049	-21.3623	-5.188	1.2817
0.0054	0.0688	0.9839	-31.189	4.3335	-2.5635
0.0146	0.0767	0.9722	-31.7383	7.019	-3.9673
0.02	0.0674	0.9653	-25.2686	6.7749	2.7466
0.0244	0.061	0.9727	-14.0991	0	9.3384
0.0132	0.04	0.9863	-6.3477	-8.0566	14.8315
0.0068	0.0352	0.9956	-0.8545	-14.6484	23.6206
0.0054	0.0396	0.9985	2.2583	-18.7378	26.3062
-0.0078	0.0356	1.001	-1.6479	-21.2402	18.2495
-0.0186	0.0327	1.001	-10.1318	-19.4092	10.8032
-0.0015	0.041	0.9834	-15.2588	-9.1553	8.606
0.0181	0.0474	0.9663	-16.7236	-0.4883	8.8501
0.0059	0.0483	0.959	-16.7236	-6.5308	13.9771
0.0156	0.0469	0.9697	-5.9814	-16.5405	21.3623
0.0054	0.04	0.9878	0.061	-25.6348	22.7051
-0.0195	0.0186	1.0049	2.6245	-32.5928	22.8271
-0.0293	0.0181	1.0063	1.8311	-31.0059	20.3857
-0.0352	0.0181	1.001	-3.54	-24.1089	16.2354
-0.0337	0.0244	0.9995	-10.1929	-17.4561	8.7891
-0.0254	0.0396	0.9937	-16.1133	-11.9629	1.9531
-0.0225	0.0415	1.002	-12.4512	-7.9346	7.5073
-0.0156	0.0469	1.0127	-0.7935	-6.3477	18.8599
-0.0093	0.0459	1.0327	5.4932	-8.8501	24.5972
-0.0093	0.0483	1.061	4.2725	-12.6953	28.3813
-0.0229	0.0728	1.0571	-3.7842	-12.3291	33.3862
-0.02	0.0757	1.0449	-6.6528	-5.127	29.3579
-0.0229	0.0669	1.0249	-3.9063	2.8687	20.752
-0.0156	0.0684	1.0054	-0.4883	11.4746	17.8833
-0.0078	0.0752	0.9922	0.4272	14.1602	16.1133
0.0015	0.0713	0.9897	1.8921	9.7656	14.9536
-0.0063	0.0708	1.002	5.9814	1.4648	17.1509
-0.0068	0.0752	1.0225	15.7471	-4.9438	21.1182
-0.0225	0.063	1.0356	23.4985	-4.0283	20.9961
-0.0269	0.0513	1.0342	25.0244	4.5166	13.855
-0.0273	0.0454	1.0171	21.3013	18.6768	6.2866
-0.0151	0.0483	0.9868	11.1694	27.2827	-5.6763
-0.0107	0.0601	0.9609	1.2817	25.8179	-19.7144
-0.0112	0.063	0.9639	1.1597	16.6626	-21.7285
-0.02	0.0713	0.9771	8.7891	5.8594	-14.8926
-0.0269	0.0684	0.9922	13.4277	0.4272	-11.1694
-0.0356	0.0557	1.0063	13.7329	1.709	-12.5122
-0.0371	0.0542	1.0063	11.7188	8.4839	-11.5356
-0.0322	0.0645	0.9941	7.2021	15.5029	-12.5732
-0.0229	0.0659	0.9795	4.6997	17.334	-14.2822
-0.0269	0.0596	0.9722	0.4883	10.1318	-21.1182
-0.0327	0.064	0.9819	-4.1504	0.1221	-25.3906
-0.0386	0.0688	0.9985	-8.5449	-7.3853	-28.1372
-0.0366	0.0752	1.0054	-9.6436	-8.7891	-29.8462
-0.0293	0.0781	1.0068	-5.4932	-3.9063	-26.9165
-0.0254	0.0845	0.9966	-2.6855	-1.2817	-27.0996
-0.0259	0.0586	0.9927	6.0425	0.9766	-23.3765
-0.0356	0.0342	0.9868	11.0474	1.6479	-18.1274
-0.0381	0.0322	0.9907	10.498	-2.8076	-13.1226
-0.0269	0.0381	0.998	16.3574	-4.5776	-2.0752
-0.021	0.041	1.0049	20.1416	-5.3101	3.54
-0.0112	0.0469	1.0137	19.9585	-10.376	0.5493
-0.0156	0.0469	1.0195	21.8506	-16.7236	-5.3101
-0.0254	0.0513	1.0234	21.4233	-22.2778	-13.0615
-0.0259	0.0552	1.0234	20.874	-20.9351	-15.7471
-0.0186	0.0527	1.0127	22.2778	-17.2119	-17.9443
-0.0215	0.0469	1.0137	22.522	-12.8784	-17.1509
-0.0269	0.0352	1.0151	17.6392	-8.8501	-8.0566
-0.0239	0.0337	1.0215	20.6909	-5.8594	8.3008
-0.0098	0.0469	1.0234	23.0713	-4.0283	18.1274
-0.0098	0.0498	1.0327	20.874	-7.5073	19.7144
-0.0127	0.0581	1.0322	23.4375	-13.0005	18.1885
-0.0063	0.0625	1.0078	31.7383	-12.3901	17.334
-0.0034	0.0728	0.9805	27.771	-9.8877	7.6294
-0.0078	0.0698	0.9639	15.564	-10.7422	-1.0986
-0.0098	0.0737	0.9653	10.8032	-16.6626	-3.9063
-0.0059	0.064	0.9707	5.8594	-15.5029	-3.6011
-0.0151	0.0586	0.9971	0	-20.0195	0.7324
-0.0151	0.0645	1.0171	0.6714	-27.832	10.8643
-0.0083	0.0786	1.021	8.1177	-24.353	24.1699
-0.002	0.0815	1.0093	16.2964	-16.9678	35.8887
0	0.0796	0.9941	20.3247	-14.8926	41.3818
-0.0034	0.0859	0.9736	18.6768	-2.1973	42.6025
-0.0029	0.0967	0.959	13.4888	0.7324	35.8887
0.001	0.1084	0.9497	-0.7935	-1.6479	19.043
0.0098	0.1089	0.9438	-1.5869	-5.188	16.2964
0.0098	0.0898	0.9468	7.5684	-9.9487	22.8271
0.0054	0.0669	0.9712	4.8218	-18.2495	29.4189
-0.0093	0.0552	1.0054	-1.0376	-28.9307	40.7715
-0.0068	0.0698	1.0278	-8.606	-35.3394	45.8984
-0.0049	0.0952	1.0107	-7.2632	-33.9355	44.3726
0.0156	0.1357	0.9941	-3.1738	-26.001	33.1421
0.0298	0.1343	0.9839	0.7324	-18.9819	15.1367
0.0317	0.1074	0.9834	15.3809	-15.2588	8.2397
0.0361	0.0859	0.981	25.5127	-19.5923	2.2583
0.0225	0.061	0.9985	21.4233	-26.3672	-1.3428
-0.0049	0.0527	1.0278	15.5029	-34.4849	-3.1738
-0.0322	0.0571	1.0396	7.1411	-35.0952	-4.9438
-0.0142	0.0596	1.0308	0.7324	-40.2222	-2.2583
-0.002	0.0781	1.0063	0.8545	-29.0527	-2.6245
0.0396	0.0952	0.9707	0.9155	7.9346	-17.1509
0.0283	0.0923	0.9463	-8.4839	7.8125	-20.4468
0.0239	0.0928	0.9448	-8.1177	2.0752	-12.085
0.0215	0.0952	0.9448	-5.0659	-7.4463	-14.4043
-0.0093	0.0566	0.9751	3.1738	-8.9722	-12.085
-0.0342	0.0493	0.9966	11.2305	-12.8174	-12.5732
-0.0425	0.0566	1.0068	9.0332	-6.2256	-15.1978
-0.0283	0.083	1.0054	0.8545	12.6953	-15.1367
0.0054	0.1157	0.9771	-3.9063	21.4233	-15.1367
0.0088	0.1138	0.9712	1.6479	29.541	-3.7231
0.0059	0.1138	0.9727	7.9956	23.0713	5.188
-0.0005	0.1025	0.981	9.5825	4.3335	0.7935
-0.0142	0.0845	0.9971	8.4839	-4.0894	-4.2725
-0.0171	0.0659	1.002	0	-8.728	-10.3149
-0.0137	0.0688	0.9956	-6.5918	-5.249	-11.8408
-0.0078	0.0698	0.9834	-7.7515	-2.2583	-6.2256
-0.0049	0.0781	0.9868	-2.3193	0.3052	-0.061
-0.0059	0.0781	0.9971	3.3569	-1.6479	-0.1221
-0.0093	0.0586	0.998	5.7983	0.8545	-0.4272
-0.0098	0.0537	0.9922	2.6245	4.7607	-3.1128
-0.0068	0.0508	1.0049	-2.2583	7.7515	-2.7466
-0.0122	0.0552	1.001	-9.5215	8.9111	-2.8076
-0.0029	0.0654	0.9907	-18.6157	16.4185	-5.3101
0.0083	0.0811	0.9741	-28.1982	24.6582	-7.6904
0.0195	0.0859	0.9556	-36.1938	20.9351	-17.2119
0.0186	0.0811	0.9551	-33.6914	12.3901	-20.874
0.0054	0.0674	0.9756	-17.5781	3.8452	-11.1694
-0.0029	0.0586	1.0063	-8.9111	-4.6387	-5.0659
-0.0225	0.0552	1.0415	-7.2021	-6.4087	0.1221
-0.0093	0.0737	1.0498	0.9155	1.2817	9.6436
0.0073	0.0811	1.0283	4.7607	14.2822	12.8174
0.0132	0.0825	1.0093	1.3428	20.874	8.8501
0.0088	0.0752	1.002	-5.4321	16.1133	-1.5869
-0.0005	0.063	1.0083	-11.9019	11.1084	-8.3618
-0.0107	0.0552	1.0137	-8.3008	10.437	-4.7607
-0.0127	0.0444	1.0122	-1.5259	14.5874	0.9155
-0.0093	0.0542	1.0142	-4.2725	15.7471	-1.3428
-0.0107	0.0674	1.0215	-6.6528	15.0757	-1.77
0.001	0.0713	1.0166	-5.0659	17.1509	-1.8921
0.0015	0.0713	1.0127	-6.3477	20.3247	-2.2583
-0.0005	0.0674	1.0063	-8.3008	20.9351	-2.1973
0.0024	0.064	0.9995	-8.1787	22.7051	0.2441
-0.0005	0.0625	0.9878	-3.7842	22.583	3.2959
0.0029	0.0469	0.9849	-0.6104	17.7002	2.6245
-0.002	0.0337	0.9883	1.4038	11.4136	-0.061
-0.0083	0.0337	0.9912	0.6714	3.6011	-4.6387
-0.0059	0.0151	1.001	-4.2725	2.2583	-5.4321
-0.0029	0.0298	1.0098	-13.1836	1.6479	-3.6621
0.0015	0.0483	1.0122	-14.2822	-2.7466	-0.8545
0.001	0.0513	1.0068	-13.6108	-1.8921	8.3008
-0.0015	0.0571	1.0112	-9.2163	1.0986	17.0898
0.0039	0.0508	1.0078	-3.0518	3.2959	17.4561
0.0015	0.0381	1.002	-0.1831	6.4087	12.6343
0.0039	0.0229	1.002	-0.5493	5.4321	5.7983
-0.0063	0.002	1.0039	-3.1128	4.3945	-0.9766
-0.0127	-0.0068	1.0054	-8.4229	3.7231	-2.1362
-0.0254	0.0029	1.0024	-14.5264	2.3193	0.1831
-0.0254	0.0137	1.0186	-15.3809	10.6812	6.6528
-0.021	0.0278	1.02	-9.2773	21.6675	8.728
-0.0049	0.0239	1.0068	-1.9531	31.9214	9.0942
0.0059	0.0049	0.9912	-5.6152	36.7432	2.9297
0.0029	-0.0103	0.9878	-20.0195	29.7241	-2.6245
0.0068	-0.0015	0.9824	-35.5835	17.5781	1.3428
-0.0044	0.0029	0.9922	-39.7949	7.5073	14.2822
-0.0239	0.0005	1.0181	-32.6538	4.9438	24.1699
-0.0293	0.0112	1.0225	-20.9351	9.6436	31.3721
-0.0186	0.0225	0.9956	-13.9771	18.0054	30.5786
-0.0195	0.0195	0.9668	-11.6577	20.874	25.7568
-0.0225	-0.0044	0.959	-5.7983	14.6484	29.48
-0.0244	-0.0195	0.959	1.4038	8.3618	41.4429
-0.0396	-0.0298	0.9736	-0.3052	1.77	49.8657
-0.0425	-0.0244	0.9819	-7.3242	2.1362	54.9927
-0.0308	-0.0083	0.9771	-19.8975	8.3618	56.2134
-0.0142	0.0186	0.9668	-35.8887	8.0566	50.293
-0.0166	0.0396	0.9692	-48.4619	1.2207	40.7715
-0.0195	0.0586	0.9736	-47.5464	-4.2725	39.4287
-0.0142	0.0566	0.9634	-30.0903	-0.4883	47.3633
-0.0137	0.0439	0.9565	-14.8315	0.5493	51.8799
-0.0186	0.0298	0.9624	-7.6904	-2.9907	59.082
-0.0137	0.0366	0.9771	0.061	-7.2021	68.4814
-0.0195	0.0313	1.0063	-0.4883	-13.6108	64.3311
-0.0342	0.0278	1.0298	-11.1084	-18.3716	55.1147
-0.0322	0.0322	1.0254	-18.0054	-7.8125	55.9692
-0.0093	0.0566	1.0039	-27.4658	8.2397	51.5747
-0.002	0.0669	0.998	-42.9688	15.5029	36.1328
0.0044	0.0698	0.9951	-51.6968	18.9819	23.1934
0.0132	0.0723	0.9956	-42.3584	27.2827	23.0103
0.0156	0.0542	0.9839	-31.7993	33.3862	23.4375
0.0146	0.0356	0.9795	-33.0811	34.1797	17.7002
0.0098	0.02	0.9907	-39.1235	32.0435	10.0098
0.0098	0.0298	0.9985	-47.7905	30.2734	3.3569
0.001	0.0498	1.0078	-54.8706	30.3345	-2.7466
0.0088	0.0601	1.0142	-50.293	30.8838	-3.6621
0.0088	0.0571	1.0142	-37.1094	34.729	-9.7656
0.0029	0.0557	1.0137	-25.5127	40.0391	-15.9302
-0.002	0.0425	1.0234	-23.9868	43.6401	-21.1792
0.001	0.0396	1.0166	-26.1841	51.7578	-24.7803
-0.0044	0.0386	1.0063	-36.377	57.6782	-37.4146
-0.0107	0.0229	1.0068	-47.2412	59.9976	-49.4385
-0.0366	0.0137	1.0137	-49.3774	58.7158	-53.1006
-0.0542	-0.0029	1.0264	-35.5835	64.27	-37.5977
-0.0654	-0.0112	1.0239	-24.9634	65.7349	-27.0386
-0.0566	0.0005	1.0151	-19.2871	68.9087	-16.4185
-0.0483	-0.0029	0.9966	-9.3994	69.3359	-1.0986
-0.0386	0.0215	0.9741	-11.2305	64.4531	-1.2817
-0.0415	0.0259	0.9839	-17.0898	48.1567	-6.4697
-0.043	0.0283	0.9854	-10.3149	36.5601	1.709
-0.0522	0.0225	0.9951	0.4272	27.8931	11.1694
-0.0654	0.0098	1.0107	7.9956	19.2871	17.4561
-0.0654	0.0078	1.0127	9.2773	17.0898	24.353
-0.0659	0.0015	1.0166	5.6763	17.395	23.3154
-0.0669	0.0063	1.02	-6.0425	16.5405	16.8457
-0.0684	0.0044	1.021	-10.1318	20.2026	19.9585
-0.0601	0.0122	1.0068	-3.9673	28.2593	30.1514
-0.0508	0.0283	0.9951	-2.7466	28.9917	31.4331
-0.063	0.0308	0.9878	-3.418	25.6348	24.7192
-0.0713	0.0229	0.9824	-5.0659	23.6816	13.6719
-0.0688	0.0156	0.9697	-3.479	21.3623	3.1738
-0.0757	0.0005	0.9653	-13.7329	14.2212	-15.0146
-0.0645	0.0034	0.9697	-28.5034	5.249	-29.3579
-0.0552	0.0171	0.958	-24.5361	-0.5493	-24.1699
-0.0513	-0.0039	0.9736	-10.437	-5.0049	-4.9438
-0.0645	-0.001	0.9824	2.1973	-18.1885	-2.0752
-0.084	-0.0054	1.0137	11.5356	-31.0669	-1.6479
-0.0952	0.0063	1.0386	22.2778	-25.6958	8.7891
-0.1025	0.0156	1.0425	22.4609	-16.2354	9.5825
-0.0942	0.0142	1.0269	17.7002	3.2349	8.0566
-0.084	0.0083	0.9995	12.085	21.6675	6.4087
-0.0825	-0.0083	0.9819	-0.3662	27.1606	0.7324
-0.0757	-0.0029	0.9653	-7.9346	23.0103	-1.77
-0.0752	0.0122	0.9854	-3.418	11.5967	-4.3945
-0.0889	0.0098	1.0005	6.1035	-4.4556	-3.3569
-0.0869	0.0137	0.9995	20.0195	-12.5732	3.9673
-0.0845	-0.0103	0.9922	34.79	-12.9395	17.0288
-0.0903	-0.0356	1.0024	44.3115	-16.0522	34.4238
-0.106	-0.0161	1.0342	34.9121	-23.9868	37.7808
-0.0996	0.0298	1.0557	19.8364	-21.3013	30.0903
-0.0737	0.0566	1.0386	14.9536	-4.8218	21.3623
-0.0381	0.1128	0.9995	9.8877	9.0332	2.8687
-0.0293	0.1348	0.9707	3.9063	6.5918	-20.813
-0.0322	0.123	0.9678	1.5259	0.1831	-33.6304
-0.0454	0.0771	0.9863	5.8594	-1.2207	-27.2217
-0.0566	0.0811	0.9639	8.7891	-5.3711	-18.5547
-0.0513	0.0845	0.9751	8.0566	-19.165	-16.1743
-0.0166	0.0757	0.9512	-18.7988	1.709	-12.085
-0.0269	0.0923	0.9771	-29.2358	-15.8691	-24.7192
-0.0439	0.0859	1.0186	-25.9399	-42.6025	-31.6162
-0.0537	0.0972	1.0386	-7.019	-49.5605	-25.0244
-0.0552	0.0815	1.0366	18.6768	-37.4756	-7.9346
-0.0425	0.1274	1.0269	42.4805	-28.8086	-1.4038
-0.0337	0.1045	1.0063	26.9165	-6.0425	-0.3052
-0.0381	0.1055	1.002	13.6108	9.0332	-4.4556
-0.0366	0.0884	0.9941	1.2207	9.3384	-18.1885
-0.0298	0.0786	0.9863	-11.4746	14.4653	-25.4517
-0.0366	0.0498	0.9927	-18.8599	15.1978	-25.2075
-0.0498	0.043	1.0156	-20.0806	6.897	-24.9634
-0.0537	0.0469	1.0327	-18.3716	-0.8545	-25.8789
-0.0527	0.043	1.0396	-17.7612	-2.8687	-28.4424
-0.0571	0.0513	1.0513	-22.0947	-0.7324	-29.1138
-0.0659	0.0566	1.0439	-18.0054	8.606	-14.5264
-0.0566	0.043	1.0293	-8.4229	19.2261	-1.1597
-0.0537	0.0371	1.0186	1.4648	22.0947	6.958
-0.0425	0.0366	1.0063	7.9346	17.334	8.3618
-0.0513	0.0327	1.0078	10.0098	10.9863	0.8545
-0.0669	0.0166	1.0186	6.0425	-0.9155	-8.9111
-0.0757	0.0151	1.021	-0.4272	-8.4839	-15.2588
-0.0737	0.0015	1.0063	-5.9204	-4.8218	-18.8599
-0.0552	0.002	0.9736	-12.0239	-1.9531	-23.2544
-0.0557	0.0063	0.9575	-19.7754	-5.7983	-22.0947
-0.0552	0.0215	0.9712	-20.874	-16.0522	-14.5264
-0.0674	0.0225	0.9971	-12.5122	-23.6206	-6.2866
-0.0781	0.0107	1.0156	0.9766	-22.0337	2.3193
-0.0713	-0.0024	1.0054	11.5967	-11.9629	7.7515
-0.0654	-0.0186	0.9927	7.4463	-5.4932	3.0518
-0.0586	-0.0181	0.9878	-3.2959	-1.8311	-2.7466
-0.0586	0.0049	0.9912	-16.7847	-8.2397	-10.498
-0.0581	0.0171	0.9985	-18.8599	-8.728	-7.6904
-0.0586	0.0308	1.0034	-13.4277	-3.2349	-0.1221
-0.0557	0.0439	1.0068	-13.0615	2.5024	2.6245
-0.0415	0.0571	0.9971	-11.1084	8.1787	2.8687
-0.041	0.0469	0.9907	-6.0425	7.0801	-1.3428
-0.0537	0.0356	1.0063	0.9155	-2.8076	-5.0659
-0.0586	0.0122	1.0093	8.4229	-7.6294	-6.7139
-0.0596	-0.0112	1.001	8.2397	-4.9438	-9.0332
-0.0645	-0.0083	0.9956	-2.4414	-5.7983	-15.2588
-0.0684	0.0029	1.0039	-12.3291	-8.4839	-15.564
-0.0674	0.0127	1.0171	-11.4136	-7.1411	-9.3994
-0.0669	0.0186	1.0249	-7.5684	-2.1362	-3.8452
-0.0645	0.0195	1.0308	-4.3335	3.7842	0.7324
-0.0537	0.0298	1.0142	-0.9766	11.9019	4.2114
-0.0459	0.0293	0.9966	-0.9155	13.9771	0.2441
-0.0522	0.0278	0.9883	-2.8687	8.0566	-6.958
-0.0566	0.0127	0.9824	0.9766	3.6011	-7.5684
-0.0566	0.0068	0.9771	2.6855	1.709	-7.019
-0.0669	-0.001	0.9966	-2.7466	-3.6621	-9.2163
-0.0723	-0.0088	1.0171	-4.8218	-7.8125	-8.1177
-0.0674	-0.0039	1.0234	-2.5024	-4.7607	-3.54
-0.0625	-0.0068	1.0137	-1.77	1.6479	1.5869
-0.0537	0	1.0039	-3.9063	5.7373	6.7139
-0.0474	0.0171	0.9995	-4.6997	6.897	11.5356
-0.0488	0.0229	0.9927	-0.7324	6.2866	15.3198
-0.0527	0.0127	0.9966	4.0283	2.1973	14.0991
-0.0601	0.0151	0.9985	6.5918	-0.5493	11.6577
-0.0542	0.0107	0.9883	7.6294	0.1831	10.0708
-0.0508	-0.0059	0.9824	8.5449	2.3804	7.0801
-0.0513	-0.0059	0.9971	4.2114	-4.0283	0.4272
-0.0552	-0.02	1.0078	0.9766	-12.0239	-4.6387
-0.063	-0.0269	1.0186	-1.0376	-13.855	-5.188
-0.0723	-0.0259	1.0283	-6.7139	-13.855	-4.6387
-0.0737	-0.0054	1.0151	-8.1177	-5.249	1.77
-0.0752	0.0049	0.9985	-7.6904	4.6997	9.3994
-0.0815	0.0171	0.9937	-8.4229	5.9204	10.437
-0.084	0.0171	0.9951	-6.4697	1.5869	6.8359
-0.0952	0.0005	1.0039	-5.0659	-5.4321	2.5024
-0.1016	-0.0195	1.0215	-4.4556	-10.9253	2.6855
-0.106	-0.0088	1.0234	-6.7139	-12.3291	5.0659
-0.0981	0.0044	1.0264	-7.019	-10.9253	11.1084
-0.0928	0.021	1.021	-4.2725	-8.7891	17.4561
-0.0928	0.0269	1.0195	1.4038	-9.3994	20.5078
-0.0996	0.021	1.0186	7.2632	-11.4136	19.8364
-0.1055	0.0254	1.0225	7.8735	-13.9771	16.1133
-0.1089	0.02	1.0366	6.4087	-17.0288	9.7656
-0.1128	0.002	1.0337	7.5684	-16.6016	5.4321
-0.106	0	1.0137	7.2021	-8.1177	5.6763
-0.106	-0.0024	1.0098	10.2539	-4.1504	16.6016
-0.1074	0.0093	1.0054	12.085	-8.0566	24.7192
-0.1084	0.0068	1.002	12.3291	-6.4087	29.8462
-0.1113	-0.0029	1.0063	7.0801	-9.5825	24.0479
-0.1245	-0.0073	1.0186	-3.3569	-15.1367	13.6719
-0.1152	0.0142	1.0298	-11.6577	-13.4888	9.0332
-0.1167	0.0239	1.0337	-10.9253	-7.019	9.5215
-0.1099	0.021	1.0293	0.5493	0.2441	17.7002
-0.0996	0.0171	1.0107	12.0239	5.9204	24.353
-0.0942	0.0215	0.9927	17.7002	8.2397	28.8696
-0.1001	0.0186	0.9927	19.6533	7.2632	35.5835
-0.1069	0.0215	0.9937	17.5781	5.3101	37.4756
-0.1069	0.0186	0.9883	15.3809	8.606	36.5601
-0.1001	0.0269	0.9756	11.9629	14.2212	33.2642
-0.0898	0.0313	0.9722	9.5215	16.8457	28.9917
-0.0742	0.0356	0.958	6.0425	12.6343	19.4702
-0.083	0.0278	0.9707	1.1597	1.9531	5.9814
-0.0884	0.0225	0.9893	-2.8687	-7.1411	-1.5869
-0.0869	0.0269	1.0034	-2.0752	-6.4087	0.6104
-0.0786	0.0293	0.9883	5.0049	2.5024	10.9863
-0.0688	0.0083	0.9668	14.8315	12.2681	23.1323
-0.0737	-0.0083	0.9536	20.4468	12.3901	29.1748
-0.0713	-0.0132	0.9468	17.4561	6.4697	31.9214
-0.0601	0.0083	0.9492	8.667	0	32.8979
-0.0386	0.0596	0.9595	-0.8545	-8.5449	25.7568
-0.0273	0.0796	0.9805	-1.4038	-17.4561	15.3809
-0.0439	0.0552	1.0156	4.4556	-22.3999	2.6245
-0.0522	0.0371	1.0254	8.2397	-19.5923	-6.2256
-0.0356	0.0269	1.0112	9.9487	1.2817	-2.6245
-0.0313	0.0142	0.9883	13.3057	18.4937	4.3945
-0.0327	0.0098	0.9697	10.1929	19.5923	1.4038
-0.0439	0.0063	0.9771	2.2583	13.1836	-1.4038
-0.0513	-0.0054	0.9824	-1.1597	11.5967	4.0894
-0.043	-0.0059	0.9824	-5.0659	16.2354	7.8125
-0.0356	0.0063	0.9839	-10.7422	17.1509	8.0566
-0.0229	0.0142	0.9907	-12.085	11.9629	3.3569
-0.0229	0.0156	0.9941	-12.085	3.6011	-2.9297
-0.0322	0.0308	1.0078	-10.6812	-1.2817	-2.1973
-0.0327	0.0483	1.0083	-1.0376	1.1597	4.7607
-0.0371	0.0396	0.998	7.5684	8.0566	8.9722
-0.0386	0.0156	0.9839	12.3291	15.625	11.8408
-0.0483	-0.0083	0.979	11.1084	16.1743	15.1978
-0.0454	-0.0161	0.9697	6.8359	15.3198	20.2026
-0.0537	-0.0254	0.9766	1.0376	12.3291	24.5361
-0.0552	-0.0015	0.9951	-5.9204	3.9673	25.7568
-0.0537	0.0225	1.0063	-8.4839	-0.1221	25.4517
-0.0439	0.043	0.9985	-8.2397	3.0518	22.1558
-0.043	0.043	0.9883	-2.5024	8.667	23.1323
-0.0454	0.0386	0.9756	8.5449	12.4512	29.9683
-0.0459	0.0225	0.9683	11.9019	14.0381	34.4849
-0.0474	0.02	0.9668	9.8877	10.9863	34.4849
-0.0508	0.0112	0.9795	3.6011	4.4556	30.8838
-0.0552	-0.0029	1.001	-3.54	-1.3428	28.0762
-0.0566	-0.0029	1.0186	-4.7607	-4.0894	32.1045
-0.0522	0.0063	1.0278	-3.9063	-2.8687	35.5225
-0.0474	0.0171	1.0352	-3.2349	-1.4648	35.7056
-0.0425	0.0337	1.0322	-0.4272	3.7231	36.1938
-0.043	0.0327	1.021	1.4648	9.0942	33.0811
-0.0474	0.0269	1.0112	5.9204	14.2212	32.4097
-0.0439	0.0283	0.9966	9.8267	16.1743	32.1045
-0.0366	0.0366	0.9897	12.085	16.8457	32.959
-0.0415	0.0322	0.9922	14.9536	14.0381	31.9214
-0.0483	0.0313	1.0034	18.9209	9.2163	30.7617
-0.0439	0.0293	1.0024	25.3296	12.3291	32.7148
-0.0415	0.0366	1.0078	23.1323	11.3525	28.8086
-0.0459	0.0522	1.0166	18.6157	8.667	23.5596
-0.0483	0.0508	1.0166	19.3481	11.4746	20.0195
-0.0542	0.041	1.0171	18.9209	15.5029	16.7236
-0.0557	0.0342	1.0078	16.8457	19.5923	14.5874
-0.0586	0.0239	0.9922	11.7188	22.2168	13.5498
-0.0645	0.0083	0.9951	10.376	21.9116	18.3716
-0.0659	0.0063	1.0034	12.5732	17.2729	24.5361
-0.0703	0.0137	1.0151	10.9253	14.5264	28.0762
-0.0703	0.0322	1.0327	10.0708	15.8691	30.1514
-0.0557	0.0566	1.0342	15.2588	22.7661	28.0762
-0.0366	0.0601	1.0171	24.292	30.9448	22.0337
-0.0298	0.0459	0.9878	31.0059	37.9639	18.3105
-0.0186	0.0469	0.959	31.1279	40.3442	19.043
-0.0098	0.0474	0.9551	31.7993	36.9263	19.3481
-0.0107	0.0366	0.9663	27.71	31.311	15.625
0.0015	0.0381	0.9766	15.686	22.2778	4.8218
0.0195	0.0342	0.9854	8.7891	18.9209	-1.6479
0.0195	0.0244	0.998	1.0376	14.8926	-4.5776
0.0156	0.0283	1.002	-6.0425	11.2305	-5.7373
0.0146	0.0493	1.0034	-4.0894	11.7798	-3.1128
0.0195	0.0469	0.9878	3.2349	16.1133	0.5493
0.0088	0.0386	0.9766	7.8735	15.1367	-0.6714
-0.0068	0.0386	0.9824	14.3433	8.606	-0.1221
-0.0112	0.0396	0.9839	21.7285	6.4697	3.1128
-0.0151	0.0327	0.9766	17.9443	5.6763	0.3662
-0.0186	0.0181	0.9712	7.2021	2.3193	-2.9907
-0.0293	0.02	0.9839	-0.4272	-3.6011	-1.8311
-0.0366	0.0342	0.9995	-3.9673	-8.2397	1.0986
-0.0396	0.0439	1.0083	-6.5918	-6.958	3.7842
-0.0381	0.0596	1.0049	-5.6152	-4.0894	1.9531
-0.0396	0.0542	0.9912	-1.2207	-1.4038	-1.0376
-0.0488	0.0444	0.9839	5.127	-3.1128	-2.0752
-0.0586	0.0298	0.9863	13.7329	-6.2256	-0.3662
-0.0703	0.0181	0.9839	15.1367	-7.5073	0.3662
-0.0781	0.0122	0.981	8.7891	-8.3618	0
-0.0815	0.0127	0.9849	2.0142	-8.1787	1.0986
-0.0728	0.0181	0.9849	-3.6011	-7.6904	3.3569
-0.0684	0.0313	0.9878	-7.9346	-10.1929	4.0894
-0.0625	0.0508	0.9922	-7.1411	-13.0005	2.5024
-0.0654	0.0508	0.9922	-0.7935	-14.7705	-0.2441
-0.0737	0.0444	0.9951	7.5684	-14.5874	0.9155
-0.0728	0.0469	0.9922	11.4136	-11.8408	5.4932
-0.0728	0.0444	0.981	10.9863	-8.7891	8.3008
-0.0767	0.0508	0.9805	10.6812	-8.9111	8.728
-0.0786	0.0469	0.9849	14.5264	-11.0474	12.085
-0.0781	0.043	0.9849	14.8315	-10.6812	10.9253
-0.0801	0.0459	0.9941	12.3901	-9.5825	9.2773
-0.0723	0.0586	0.9907	10.1929	-7.9346	8.4229
-0.063	0.063	0.9756	7.8735	-4.7607	5.4932
-0.0645	0.0684	0.9692	3.7842	-6.4087	-1.0986
-0.0698	0.0688	0.9565	4.6387	-9.7046	-6.5918
-0.0645	0.0596	0.9453	9.3994	-7.8125	-8.2397
-0.0674	0.0469	0.9463	17.8833	-4.8828	-2.5024
-0.0659	0.04	0.9478	21.8506	-8.2397	-1.0986
-0.0688	0.0342	0.9692	20.9961	-12.085	0.7935
-0.0869	0.0381	1.0024	20.5078	-14.5874	5.127
-0.0874	0.0386	1.0049	20.2026	-9.1553	8.4229
-0.0698	0.0586	0.978	19.6533	7.2632	11.9629
-0.0581	0.0688	0.9595	16.6016	17.5171	12.085
-0.0566	0.0659	0.9424	14.7705	17.8833	8.1177
-0.0586	0.0742	0.9497	10.9863	12.3901	4.6997
-0.0566	0.0781	0.9536	13.1226	6.4087	2.9297
-0.0527	0.0723	0.9526	20.2637	4.8218	3.9063
-0.0522	0.0571	0.9478	25.9399	-0.1221	4.5776
-0.0684	0.0454	0.9619	29.48	-6.7749	5.3711
-0.0796	0.0439	0.9692	35.6445	-6.0425	12.4512
-0.0737	0.0415	0.9609	36.377	4.3945	16.6626
-0.0815	0.0596	0.9536	28.2593	5.0659	8.8501
-0.0674	0.061	0.9521	20.9351	11.2305	3.2959
-0.0601	0.0713	0.9277	11.9019	13.0005	-1.1597
-0.0625	0.0552	0.9341	0.6104	4.8828	-5.7373
-0.0698	0.0371	0.9492	-11.4136	-2.2583	-5.7983
-0.0801	0.0513	0.9771	-22.0337	-8.8501	-5.6152
-0.0781	0.0669	0.9878	-22.522	-8.1177	-4.7607
-0.0742	0.0757	0.9805	-20.6909	-2.3193	-6.897
-0.0698	0.084	0.9634	-12.5732	2.6855	-4.8828
-0.064	0.0913	0.9375	-3.418	3.8452	-2.6855
-0.0596	0.0903	0.9233	-0.3052	3.1738	-3.479
-0.0654	0.0757	0.9233	-4.8218	0.3662	-5.8594
-0.0698	0.0552	0.9404	-18.9819	-5.9814	-12.8174
-0.0684	0.0513	0.9565	-36.1328	-7.0801	-18.4937
-0.0698	0.0566	0.9653	-46.5698	-7.3853	-24.231
-0.0645	0.0474	0.9683	-44.6777	-8.1177	-26.8555
-0.0723	0.0454	0.9766	-32.3486	-11.7188	-22.3999
-0.0742	0.0459	0.9824	-20.3247	-15.3809	-17.8833
-0.0786	0.0542	0.9824	-11.1694	-14.5264	-14.8926
-0.0801	0.0498	0.9824	-5.7983	-9.0942	-13.2446
-0.083	0.0337	0.9897	-5.3101	0	-10.3149
-0.084	0.0381	0.9883	-15.5029	7.1411	-11.2305
-0.0767	0.0352	0.9922	-36.7432	5.3711	-23.2544
-0.0786	0.0415	0.9941	-50.7813	5.3101	-30.5176
-0.0684	0.0586	0.9878	-51.2695	3.418	-31.4331
-0.0698	0.0728	1.001	-42.9077	-0.4883	-29.541
-0.0742	0.064	1.0098	-20.4468	-1.709	-22.522
-0.0757	0.0581	1.0156	-2.0142	-0.6104	-22.0947
-0.0801	0.0415	1.0249	7.9956	1.3428	-25.0244
-0.084	0.0278	1.0269	6.7749	-2.0142	-34.79
-0.0996	0.0244	1.0483	0.3662	-6.6528	-39.6118
-0.0986	0.0371	1.0483	-5.7373	-2.6245	-33.8745
-0.0884	0.041	1.0278	-8.4229	10.437	-25.3296
-0.0537	0.0596	0.9883	-1.6479	21.5454	-13.4277
-0.0415	0.0674	0.9692	9.6436	16.1133	-4.8218
-0.0522	0.0425	0.9868	17.2119	0.1831	-5.8594
-0.0771	0.0156	1.0186	21.3623	-15.3198	-12.146
-0.0913	0.0244	1.0308	10.7422	-16.7847	-24.1699
-0.0859	0.0244	1.0493	-5.5542	-11.1694	-35.8887
-0.0903	0.0195	1.064	-12.7563	-1.9531	-43.1519
-0.1045	0.0425	1.0596	-14.4043	4.2114	-39.5508
-0.0757	0.0386	1.0249	-5.249	20.1416	-22.8271
-0.0669	0.0371	0.9897	4.5776	29.541	-14.2822
-0.0659	0.0259	0.9863	7.7515	19.7754	-13.0615
-0.0742	0.0186	0.9863	8.9722	9.7046	-9.4604
-0.0928	0.0259	1.0093	1.2817	0	-11.4746
-0.1011	0.0278	1.0293	-2.1362	2.5024	-11.3525
-0.0996	0.0239	1.0356	3.6011	10.1929	-10.376
-0.0972	0.0308	1.0264	4.6387	15.1978	-13.7329
-0.0898	0.0508	1.0122	-1.6479	14.1602	-15.3198
-0.083	0.0483	0.9951	-6.6528	14.1602	-12.2681
-0.0903	0.0557	1.002	-8.606	10.7422	-10.9253
-0.0972	0.0444	1.0239	-5.8594	6.3477	-7.1411
-0.106	0.041	1.0308	3.479	13.1836	-0.1221
-0.1001	0.0396	1.0234	9.3384	20.6299	2.1362
-0.0874	0.0298	1.0039	11.3525	25.1465	-0.4883
-0.0815	0.0381	0.9863	5.4932	22.2778	-5.3711
-0.0869	0.04	0.9912	-5.127	11.7798	-8.606
-0.0903	0.041	0.9966	-8.667	3.0518	-5.3711
-0.0967	0.0483	1.0112	-5.0659	0	0
-0.0957	0.0557	1.0107	-1.2207	-2.5024	-0.9766
-0.0889	0.0381	0.9995	3.8452	-1.5259	-4.6387
-0.0928	0.0171	0.9971	5.6763	-3.9673	-8.7891
-0.0889	0.0156	0.998	0	-5.8594	-10.9863
-0.0698	0.0308	0.9883	-3.9063	-3.54	-2.8687
-0.0669	0.0396	0.9883	-9.8267	-8.4229	0.3662
-0.0796	0.043	1.0151	-15.2588	-18.7988	-0.9155
-0.0771	0.0557	1.0293	-15.9912	-21.3623	-0.9766
-0.0859	0.0674	1.0479	-15.1978	-18.3716	-5.0049
-0.0918	0.061	1.0508	-10.1318	-11.5356	-11.4746
-0.0752	0.0527	1.0156	-1.2817	5.9204	-11.5967
-0.0581	0.0386	0.981	3.2959	16.7236	-10.3149
-0.0601	0.0171	0.9741	1.77	12.5732	-8.2397
-0.0688	0.0112	0.9849	-3.6011	-1.6479	-6.897
-0.0767	0.0215	1.0063	-7.8125	-11.6577	-4.1504
-0.0825	0.0352	1.0171	-7.4463	-9.9487	0
-0.0801	0.0371	1.0254	-3.479	-1.4038	4.5776
-0.083	0.041	1.0137	-1.3428	7.4463	3.479
-0.0654	0.0498	0.9824	-0.3052	12.5122	-0.3662
-0.0684	0.0571	0.9683	2.7466	8.0566	-6.958
-0.083	0.0381	0.9854	7.4463	-4.8218	-9.7656
-0.0952	0.0371	1.0005	13.7329	-12.5122	-7.2632
-0.0986	0.0254	1.0039	11.8408	-7.5073	-6.2256
-0.1011	0.043	0.9951	1.8921	3.479	-8.4229
-0.0742	0.0483	0.9863	-6.4697	11.9629	-11.1694
-0.0723	0.0581	0.9722	-6.958	12.3901	-15.4419
-0.0781	0.0508	0.9897	-5.4321	4.4556	-18.3716
-0.0869	0.0459	1.0005	0.8545	-1.3428	-17.7612
-0.0884	0.0313	1.0107	9.0332	-1.3428	-15.4419
-0.084	0.0293	1.02	17.7612	3.6011	-8.4229
-0.0928	0.0269	1.0195	16.8457	10.9253	6.4697
-0.0903	0.0493	1.0049	5.127	17.0898	16.9067
-0.0674	0.0522	0.9907	-0.7324	26.001	21.2402
-0.0586	0.0708	0.9839	-0.3662	27.4048	20.1416
-0.0659	0.0615	0.9907	4.2725	13.1836	6.5918
-0.0928	0.0337	1.0068	9.5215	0.2441	-5.0049
-0.104	0.0078	1.0352	9.3384	0.3052	-6.2866
-0.0898	0.0278	1.0063	-0.6104	9.5215	-9.8877
-0.0825	0.0381	0.9951	-15.8081	10.2539	-18.0664
-0.0645	0.0522	0.9897	-21.8506	7.5684	-19.7144
-0.0669	0.0493	0.9849	-23.4375	-0.3052	-18.4937
-0.0874	0.0601	0.9937	-25.5737	-9.2773	-17.0898
-0.0889	0.041	0.9971	-23.7427	-3.2959	-13.855
-0.0918	0.0215	0.9937	-25.7568	2.5635	-9.2773
-0.104	0.0107	1.0024	-36.6821	1.4038	-11.5967
-0.0869	0.0337	0.998	-43.8232	3.54	-10.8643
-0.0845	0.0508	1.0098	-42.4805	2.8076	-10.437
-0.0942	0.0654	1.0313	-31.1279	-8.9722	-9.5215
-0.0986	0.0493	1.0308	-10.7422	-7.9346	-6.4697
-0.0967	0.0259	1.0186	0.3052	1.9531	-5.7373
-0.0874	0.0293	1.001	-1.0376	7.0801	-7.4463
-0.0771	0.0186	0.9849	-6.4087	5.3711	-12.3901
-0.0771	0.0098	0.978	-9.3384	-0.9155	-14.5874
-0.0801	0.0186	0.9849	-14.8315	-12.8174	-17.395
-0.1011	0.0151	1.0142	-19.4702	-25.9399	-17.0288
-0.103	0.0195	1.0356	-20.813	-24.9023	-8.4229
-0.0981	0.0386	1.0342	-23.1934	-13.4277	-4.6997
-0.0859	0.0371	1.0293	-22.3389	-0.4883	-4.2725
-0.0728	0.0298	1.0068	-17.395	9.2163	-2.5024
-0.0728	0.0244	0.9966	-14.1602	6.2866	-5.9204
-0.0767	0.0078	1.0093	-11.2915	0.4883	-5.249
-0.0796	0.0044	1.0142	-13.1836	-2.2583	-7.1411
-0.0898	0.0127	1.0337	-15.625	-10.1318	-9.1553
-0.0752	0.0439	1.0308	-11.3525	-7.9956	-3.54
-0.0684	0.0459	1.0181	-2.9297	-0.3052	-1.8311
-0.0688	0.0322	1.0137	2.0142	-1.8921	-7.1411
-0.0684	0.021	1.001	0.8545	-5.3101	-12.0239
-0.0684	0.0112	0.9897	-3.9063	-9.7046	-16.2964
-0.0825	-0.001	1.0024	-9.7656	-17.5781	-20.1416
-0.0845	0.0107	1.0098	-18.4937	-23.7427	-19.8975
-0.0845	0.0229	1.0181	-22.1558	-21.6675	-17.395
-0.0889	0.0225	1.0356	-17.0288	-18.9209	-14.2212
-0.083	0.0259	1.0269	-7.0801	-7.7515	-5.8594
-0.063	0.041	1.0063	4.6997	4.0283	-0.9766
-0.0698	0.0229	1.0112	13.5498	-5.127	-6.6528
-0.0869	0.0093	1.0327	17.7612	-16.9678	-11.6577
-0.0938	0.0186	1.0342	12.5122	-15.7471	-12.207
-0.0952	0.0098	1.0352	5.3711	-6.6528	-13.0615
-0.0972	0.0044	1.02	0.9155	0.7935	-10.5591
-0.0811	0.0151	0.9985	-3.7842	3.7231	-6.5918
-0.0767	0.0342	0.9941	-4.0894	0.7324	-3.2349
-0.0854	0.0342	1.0127	1.0986	-8.9111	-0.9155
-0.0811	0.0278	1.0254	5.4932	-12.8174	1.4038
-0.0737	0.0181	1.0142	6.8359	-6.8359	-2.6855
-0.0889	-0.0024	1.02	4.2725	-5.7983	-8.4229
-0.0801	-0.0015	1.0083	-4.2114	-3.54	-11.8408
-0.0757	0.0005	1.0005	-9.8267	-2.0142	-10.8032
-0.083	0.0049	1.0063	-12.6953	-7.8735	-9.7656
-0.0884	0.0181	1.0234	-9.5215	-9.0332	-2.9907
-0.0811	0.0215	1.0112	-6.0425	-3.6011	-0.1221
-0.0742	0.0313	1.0112	-5.9204	0.061	-2.9297
-0.0703	0.0244	1.0127	-1.9531	1.2207	-3.6011
-0.064	0.0171	1.002	1.6479	5.0659	-3.2349
-0.0684	0.0098	0.9995	-3.54	3.6011	-10.376
-0.0801	-0.0068	1.0137	-12.8174	0	-16.5405
-0.0723	0	1.0005	-20.9961	4.4556	-16.7236
-0.0688	0.0054	0.9883	-22.7661	5.9204	-16.6626
-0.0757	-0.0024	0.9937	-17.7612	1.3428	-15.564
-0.0737	-0.001	0.9824	-10.498	0.6104	-12.0239
-0.0654	0.0083	0.9795	-9.2773	-0.061	-11.3525
-0.0684	0.0244	0.9893	-9.8267	-2.0142	-12.6953
-0.0688	0.0186	0.9868	-3.9673	-1.6479	-11.7798
-0.0684	0.0127	0.9897	7.1411	1.4648	-6.7749
-0.0654	0.0049	0.9893	10.9253	1.0376	-5.9814
-0.0698	-0.0117	0.9912	7.5684	-0.6104	-9.7046
-0.0801	-0.0171	0.998	-1.1597	-4.2725	-14.5264
-0.0723	-0.001	0.9922	-21.5454	-0.9155	-20.5078
-0.0786	0.0195	0.9883	-35.9497	1.4648	-25.2075
-0.083	0.0107	0.9956	-35.9497	2.9297	-23.0103
-0.0767	0.021	0.9912	-29.6021	4.3335	-17.5781
-0.0752	0.0166	0.9907	-19.8975	0.061	-12.9395
-0.0737	0.0078	0.9937	-9.8877	-3.479	-7.5684
-0.0703	0.0029	0.9951	-2.9907	-6.1035	-1.5259
-0.0757	-0.0117	1.0098	0.6714	-9.3384	0.9155
-0.0801	-0.0083	1.021	-1.2207	-11.3525	0
-0.0859	-0.0039	1.0166	-5.5542	-7.6294	-2.3193
-0.0854	0.0015	1.0142	-11.1084	-6.0425	-5.5542
-0.0796	0.0171	1.0078	-15.4419	-7.0801	-8.667
-0.0669	0.0181	0.9937	-14.2822	-5.8594	-8.606
-0.0767	0.0107	0.9951	-9.7656	-4.3335	-5.7373
-0.0815	0.0171	1.0293	-5.7983	-3.0518	-0.4883
-0.0845	0.0112	1.0454	7.2632	-1.5869	6.4697
-0.0903	-0.0054	1.043	20.2026	0.1831	4.7607
-0.0903	0.0078	1.0342	18.5547	2.1362	0.2441
-0.0815	0.02	1.0166	13.3667	3.9063	-3.6011
-0.0801	0.021	1.0083	10.2539	7.9956	-7.2021
-0.0742	0.0063	0.9878	8.9111	12.5122	-9.5215
-0.0713	-0.0054	0.9751	8.4839	13.4277	-9.5825
-0.0698	-0.0117	0.979	8.0566	4.5776	-7.0801
-0.0713	0.0015	0.9937	8.8501	-8.1787	-2.4414
-0.0723	0.0112	1.0063	7.019	-13.7329	-0.1221
-0.0674	0.0254	1.0063	5.7983	-8.606	0.061
-0.061	0.021	1.0054	5.6763	-4.2725	0.7324
-0.0684	0.0049	0.9956	7.6904	-0.3052	3.6621
-0.0767	0.0005	1.0098	9.2773	-0.9766	2.6855
-0.0674	0.0107	0.9893	6.897	3.0518	0.6104
-0.0767	0	0.9897	11.3525	0.5493	-0.2441
-0.0771	0.0083	0.9956	13.4888	-4.4556	1.4038
-0.0752	0.0044	1.0122	14.1602	-4.6997	3.0518
-0.083	0.0049	1.0415	3.7842	-19.6533	-3.2349
-0.0596	0.0093	0.9912	-11.4136	-2.8076	-11.0474
-0.0742	-0.0103	0.9912	-4.5166	11.3525	-8.1177
-0.0723	0.0015	1.0024	-7.4463	-9.0942	-7.6294
-0.0674	0.0151	0.9971	-7.2632	-8.0566	-6.5918
-0.0703	0.0137	0.9985	-4.4556	-7.0801	-5.0049
-0.0723	0.0186	0.9995	-5.249	-7.3242	-5.6763
-0.0654	0.0112	0.9995	-7.2632	-0.5493	-5.7373
-0.0684	0.0005	0.9951	-7.2632	1.77	-6.2866
-0.0703	0.002	0.9956	-8.3618	0.061	-6.3477
-0.0698	0.0049	0.9985	-11.5356	-3.1128	-5.4932
-0.0703	0.0005	0.9966	-11.7798	-3.0518	-5.3101
-0.0698	0.0005	0.9937	-11.7188	-3.479	-4.7607
-0.0728	0.0068	1.002	-13.1226	-8.3618	-5.7373
-0.0781	0.0029	1.0034	-10.376	-11.5967	-6.2866
-0.0684	0.0049	0.998	-6.4697	-6.4697	-1.0376
-0.0669	0.0063	0.998	-5.7983	-7.1411	0.3052
-0.0669	0.0034	0.9985	-5.4321	-9.2163	-3.2959
-0.0684	0.0049	0.9985	-6.2866	-6.5308	-5.3711
-0.0669	0.0049	0.9951	-8.3618	-2.5024	-5.6152
-0.0674	0.0029	0.9985	-11.5356	-2.8687	-7.0801
-0.0723	0.0029	0.9922	-15.5029	-4.5166	-8.3008
-0.0728	0.0015	0.9927	-16.7236	-6.958	-8.0566
-0.0703	0.0005	0.9912	-21.6064	-11.8408	-9.4604
-0.0669	0	0.998	-23.6206	-20.3247	-10.9863
-0.0669	-0.0083	1.0122	-20.0195	-28.6865	-11.1694
-0.0674	0.002	0.9927	-2.1973	-36.0718	-4.4556
-0.0615	-0.0015	1.0024	1.2817	-36.6821	-3.2959
-0.0581	-0.0024	1.0034	-0.4272	-40.8936	-4.4556
-0.0552	-0.0015	1.0034	-0.1221	-32.1045	-0.4883
-0.0557	-0.0024	1.0024	-0.6104	-25.3296	0.1221
-0.0522	-0.0015	1.0024	-0.7935	-18.7988	-0.1221
-0.0527	0.0005	0.9995	-0.4272	-13.1226	-1.2207
-0.0566	0.0005	0.9937	-0.1221	-10.8032	-5.7373
-0.0601	-0.0029	0.9951	0	-15.0146	-9.3994
-0.0542	0	0.9951	0.1831	-22.644	-10.0098
-0.0571	-0.0029	0.998	0.3662	-30.5786	-12.5732
-0.0557	-0.0044	0.9995	0.3052	-35.9497	-12.8174
-0.0527	-0.0015	0.9985	0.1831	-38.3911	-6.958
-0.0566	-0.0024	0.9907	0.1831	-36.8652	-2.4414
-0.0415	-0.001	1.0039	0.1221	-39.7339	-2.0142
-0.0508	-0.0039	0.9951	0	-35.5835	-3.6011
-0.0459	-0.0054	0.9956	-0.3662	-39.978	-3.7231
-0.0527	-0.0039	0.9912	-0.3662	-49.6216	-4.6387
-0.0215	-0.0342	0.9868	-0.5493	-67.9932	-0.4883
-0.0474	0.0005	0.9912	-1.4038	-99.9756	5.5542
-0.02	0.0107	1.0098	-2.0142	-123.0469	5.7983
-0.0308	0.0112	1.0049	-0.9155	-110.4126	-2.2583
-0.0171	-0.0083	0.9897	-0.3662	-99.3042	-6.2866
-0.0142	-0.0024	1.0107	-0.2441	-115.2344	-12.146
-0.0127	0.0044	1.0063	-0.8545	-120.4224	-12.5732
-0.0195	-0.0088	0.9893	-1.5259	-104.7974	-10.376
0.0098	0.0107	1.0107	-0.6714	-78.7964	-10.9863
-0.0098	-0.0044	1.0039	0.6714	5.249	-5.9204
-0.0063	-0.0059	1.0005	0.4272	4.2725	-7.3242
-0.0034	-0.0029	0.998	0.4272	-1.8311	-9.7046
0	-0.0015	0.998	-0.1831	0.1831	-8.1787
0.0039	0	0.9966	0.2441	0.4272	-2.6245
0.0088	0	0.998	0	-0.061	4.3335
-0.002	-0.0039	1.001	-0.2441	-0.1221	5.188
0.0029	0.002	1.001	0	0	4.0283
-0.0015	-0.0024	1.0005	0.061	-0.1221	0.7935
-0.0005	-0.0024	1.001	-0.061	-0.1221	-0.3052
-0.0015	-0.0039	0.9995	0.061	-0.1831	0
0.0024	-0.0068	1.001	0.3662	-0.4272	-0.3052
-0.0044	-0.0083	0.9985	-0.1221	-0.5493	-2.0752
-0.0112	0	1.0005	-0.1831	-0.6104	-4.7607
-0.0063	0.0044	1.0005	0.3662	-0.2441	-3.8452
-0.0151	-0.0059	0.9985	0.3662	-0.4883	-0.8545
-0.0308	-0.0073	1.0005	0	-0.4272	3.3569
-0.0068	0.0029	1.001	-0.1831	0.061	15.1978
-0.0137	-0.0059	0.9995	-0.3052	0.1221	17.2119
0.0142	-0.0015	1.001	-0.061	0	15.9912
0.0259	-0.0015	0.9995	-0.061	0.1831	13.7329
0.0171	0.0054	1.0005	-0.3662	0	3.1128
-0.0015	-0.0024	0.9995	-0.1221	-0.1831	-1.3428
-0.0015	-0.0029	1.0005	-0.3662	0.061	0
0.0132	-0.0127	1.001	-0.2441	0.1221	0.1221
0.0439	-0.0361	1.0039	0.061	-0.6104	1.2817
0.0015	-0.0112	0.9927	5.249	-9.6436	6.2256
0.0054	-0.0181	0.9985	7.6294	-13.2446	1.0986
-0.0186	-0.0044	0.9985	-0.6104	1.4038	-7.7515
-0.0342	0.0293	1.001	0.061	0.5493	-11.2915
-0.0151	0.0371	0.9985	0.4883	-0.4272	-13.2446
0.0015	0.0054	0.9995	0.3662	0.3052	-9.3384
-0.0034	0.0029	1.001	0.1221	0.2441	-4.3945
0.001	-0.0029	0.9995	0.061	-0.061	-0.8545
-0.0015	-0.0029	1.0005	0	-0.061	0.4272
-0.0005	-0.0015	1.0005	0.1221	-0.061	0
-0.002	-0.0024	1.001	-0.061	-0.061	0.1831
-0.002	-0.001	0.9985	0.061	-0.3662	0.061
-0.0015	-0.0015	1.0005	0	-0.1831	0.1831
-0.0005	0	1.002	0	-0.1221	0.061
-0.0005	-0.001	1.0005	0	0	0
-0.002	0	0.9995	-0.1221	0.061	0.1221
0	-0.0015	1.0005	-0.1831	0.1221	0
-0.0005	-0.0015	0.9985	0	0	0.061
-0.0005	-0.0039	1.0005	-0.061	0.061	0.1221
0	-0.0029	0.9995	-0.061	0.061	0.1831
-0.0005	-0.0029	1.0005	0.3662	-0.061	-0.1831
-0.0015	-0.0015	0.9995	-0.061	0	-0.1221
-0.0015	-0.001	1.0005	-0.1221	0.1221	-0.3662
-0.0005	-0.0015	1.0005	0.1221	-0.061	0.1221
-0.002	-0.001	0.9995	0	-0.1831	0
-0.0015	-0.001	1.0005	0	-0.1221	0
-0.002	-0.001	0.9985	0.1831	0	0
-0.0015	-0.001	1.0005	0.061	0	0
-0.002	-0.0024	1.001	0	-0.1221	-0.061
-0.002	-0.0024	0.998	0.061	-0.1831	-0.1221
-0.0005	-0.0029	1.0005	-0.1831	-0.1831	-0.1831
0.001	-0.0024	0.9995	-0.061	0.3052	-0.1221
-0.0005	-0.0015	0.9995	0.061	0.1831	0.3662
-0.0005	-0.001	0.9995	0	-0.3662	0.1831
0	-0.001	1.002	0.061	-0.061	-0.1831
-0.0015	-0.001	0.9995	-0.2441	0.1831	-0.1221
-0.0005	-0.0015	1.0005	-0.2441	0.2441	0
-0.002	0	1.001	0	0	-0.1831
-0.0015	-0.0015	1.0005	0.1831	0	-0.1221
-0.0029	-0.0015	1.0005	0.3052	0.061	-0.2441
-0.002	-0.0024	1.0005	0.2441	0.061	-0.061
-0.0015	-0.0029	0.9995	-0.1221	0.1221	0.1831
-0.0005	-0.0024	1.0005	-0.061	0.061	0
-0.0015	-0.0024	1.0005	-0.4883	-0.3662	0.061
0	-0.0015	0.9995	0	-0.061	0
-0.0005	-0.0015	1.001	0.2441	0.061	-0.1221
-0.0015	-0.001	1.001	-0.2441	0.061	-0.1221
0	-0.0015	0.9995	0	-0.1221	0
-0.002	-0.0024	0.9985	0.3052	0.1221	0
-0.0015	-0.001	0.9995	0.3662	0.1221	0.061
-0.002	-0.0015	0.9995	0.3052	0	0.061
-0.0029	-0.0015	0.998	0	0	0.061
-0.0005	-0.0015	0.9995	0.3052	0	-0.3052
0	-0.0015	1.001	-0.1221	-0.1831	-0.2441
0	-0.0015	1.001	-0.3052	-0.1221	0
0.001	-0.0015	1.0005	0	0	-0.1831
0	-0.001	0.9995	-0.3052	0	-0.2441
0	0	0.9995	0	0	0
-0.0015	-0.001	1.001	-0.061	-0.1831	0.1221
-0.0005	-0.001	1.001	0	-0.1221	0.061
-0.002	-0.0024	0.9995	-0.3662	-0.061	0
-0.002	-0.0015	1.0005	-0.1831	0.1221	-0.061
-0.0029	-0.0024	0.9985	0.061	0.1831	0.1221
-0.0044	-0.0024	0.9995	0	-0.1831	0.061
-0.0029	-0.0015	0.9995	0.3052	-0.3052	-0.2441
-0.0015	-0.0015	0.9995	0.1831	0.061	-0.1221
0.001	-0.001	0.9995	0.1221	0.1221	0
0	-0.0015	1.001	0.1831	0	-0.3662
-0.0005	-0.0015	1.001	-0.1831	-0.1831	-0.3052
-0.0005	-0.001	1.0005	0.1831	-0.3052	-0.1831
0.001	-0.0015	0.998	0.2441	-0.1221	0
0.001	-0.0015	1.0005	0.061	-0.061	0.3662
0	-0.0024	1.002	0	-0.1221	0.3052
-0.0005	-0.0024	1.001	0	-0.061	0.061
-0.0015	-0.0024	0.9995	0.1831	-0.1831	0.3052
-0.0015	-0.0024	0.9985	-0.061	0	0
-0.0005	-0.0024	0.9995	0.061	0.1831	0
-0.0015	-0.001	0.9995	0	-0.1831	-0.1221
-0.0015	0	0.9995	0.1831	0	-0.4272
-0.0005	0	1.001	0.4272	0	0.1221
-0.0005	-0.0015	1.0005	0.3662	-0.3052	-0.061
-0.002	-0.0015	1.0005	0	0.061	0.1221
-0.0015	-0.0024	0.9995	-0.061	-0.061	0
0	-0.0024	1.002	-0.2441	-0.061	0
-0.0005	-0.0024	1.0005	-0.1221	0	0
-0.0015	-0.0024	1.0005	-0.061	0	-0.1831
-0.002	-0.0024	0.9995	0	0.061	0
-0.0029	-0.0015	1.0005	0.1831	-0.1221	0.1221
-0.0015	-0.0015	1.0005	0.4272	0	0.061
-0.0029	-0.0015	0.9995	0.1221	0.1221	0.2441
-0.0015	-0.001	1.0005	0.061	0.061	0.061
-0.0015	-0.0015	0.9995	0	-0.2441	0.1831
-0.0015	-0.001	1.001	-0.4272	-0.1221	0
-0.0005	-0.0024	1.001	-0.1221	0	0
0	-0.0024	1.001	0.1831	0	0
0.001	-0.0015	1.001	-0.1221	-0.061	0.2441
-0.0005	-0.0029	1.001	-0.3662	-0.061	0.061
0	-0.0029	1.0005	0	-0.061	-0.1221
-0.002	-0.001	0.998	-0.2441	-0.061	0
-0.0015	-0.0015	0.9985	-0.1831	0	0
-0.0015	0	0.9995	0.1221	-0.1221	0.061
-0.002	-0.001	1.0005	0.1221	-0.061	-0.1221
-0.0015	-0.0015	1.0005	0.1831	-0.2441	0.061
-0.0005	-0.0024	1.002	0	0.061	0.1221
-0.002	-0.0015	0.9995	0.061	0.3052	0
-0.002	-0.0029	0.9995	0.061	0	0.1221
0.001	-0.0024	1.001	0	-0.3052	0.061
0	-0.0024	0.9985	0.061	-0.061	0
-0.0005	-0.0015	1.0005	0.061	-0.061	0.1831
-0.0029	-0.0024	0.9985	-0.061	0	0.1831
0	-0.0015	1.0005	0.1221	0	0.1831
0	-0.001	0.9985	0	0.1831	0.061
-0.0015	-0.001	0.9995	-0.3662	0.1221	0
-0.0015	0	1.0005	-0.2441	-0.3052	-0.061
-0.0034	0	0.9995	0	-0.4272	-0.1221
-0.0015	-0.0015	1.0005	0.1831	0	0
-0.002	-0.0029	0.9995	0.061	-0.061	0.1831
-0.0015	-0.0024	1.0005	0.1221	-0.1221	0
-0.0005	-0.0015	1.0005	0	-0.1221	0
-0.002	-0.0024	0.9985	0.1221	0	0.1221
-0.0005	-0.0015	0.9985	0	-0.2441	0
-0.0005	-0.0015	0.9995	-0.061	-0.1221	0
0.001	-0.0015	1.0005	0.1831	0	0
-0.0005	-0.0015	0.9995	0.1831	-0.1831	0.061
-0.0015	-0.001	0.9985	0.1831	-0.061	0.1831
-0.0034	-0.001	0.9995	-0.061	-0.061	-0.061
-0.0015	-0.0024	1.0005	0	0	-0.4883
-0.0029	-0.0015	1.0005	0.1221	0.2441	-0.061
-0.0015	-0.0015	1.002	-0.061	0	0.2441
-0.0029	-0.0024	1.0005	-0.2441	-0.1221	0.061
-0.0015	-0.0015	0.9995	0	-0.1831	-0.1221
-0.0005	-0.0015	1.0005	0.1221	0	0
-0.0005	-0.001	0.9985	0	0.061	0.1221
0	-0.0015	1.0005	0.2441	0.2441	0
-0.0005	-0.0015	0.9995	0.4883	0.1221	0
0.001	-0.0015	1.001	0.061	0.1221	0
-0.002	-0.0024	0.9985	0.1221	0.1831	-0.061
-0.0005	-0.001	0.9995	0.061	0	-0.1831
-0.0015	-0.0024	1.0005	-0.1221	0	-0.1221
-0.0015	-0.0024	0.9985	-0.4883	0	0
-0.0029	-0.0024	0.9985	0.1831	0.1831	-0.1831
-0.002	-0.001	1.001	-0.1831	0.061	-0.061
-0.0005	-0.001	0.9985	-0.061	0	-0.061
-0.0029	-0.0015	0.9995	-0.1221	0.1831	0
0	-0.0015	1.001	0.1831	-0.061	0.1221
-0.0015	-0.001	1.0005	-0.061	-0.3662	-0.1221
-0.0015	-0.0024	1.001	0.1221	-0.3052	-0.061
-0.0005	-0.001	1.0005	0.1831	0	-0.1831
-0.0015	-0.0015	1.0005	-0.3052	0	-0.061
-0.0015	-0.0015	1.001	-0.1221	0.1221	-0.1221
-0.002	-0.0024	1.0005	0.3052	0	0.061
-0.0015	-0.0015	0.9995	-0.3052	-0.1221	0.061
-0.0029	-0.0015	1.001	-0.3052	0	0.061
-0.0005	-0.0015	0.9995	0.4883	0.061	0.4272
-0.0015	-0.0015	1.0005	0.1831	-0.1221	0.2441
-0.0015	-0.0024	1.001	0.061	0.3052	-0.061
-0.0015	-0.0015	1.0005	0.4272	0.3052	0
-0.0015	-0.001	0.9995	0.2441	-0.061	0.1221
-0.0005	-0.0015	1.001	0	-0.1831	-0.061
-0.0005	-0.0029	1.001	-0.1831	-0.061	-0.061
-0.0005	-0.0015	1.002	-0.3052	0	0.1221
-0.0015	-0.0015	0.9995	-0.1831	0.2441	0.061
-0.0015	-0.0015	1.001	0	-0.061	0
-0.0005	-0.0015	1.0005	0	-0.061	0.2441
-0.0034	-0.0015	0.9995	-0.1221	-0.061	0
0	-0.001	0.9995	-0.3052	0.1221	-0.1831
-0.002	-0.0015	0.9995	0.4272	0	-0.061
0	-0.001	1.0005	0.1221	-0.1221	0.1221
-0.0015	-0.0024	1.0005	0.1831	-0.061	0
-0.0015	-0.0015	1.001	-0.3052	-0.3052	-0.061
-0.0005	-0.0024	0.9995	0.1221	0	0
-0.0005	-0.0015	0.9995	0	0	-0.1831
-0.0005	-0.0024	1.0005	0.2441	-0.1221	0.061
-0.0015	-0.0015	1.0005	0	0	0.3052
-0.0005	-0.0024	1.001	0	0.1221	0.3052
-0.002	-0.0015	1.001	-0.2441	0	0.3052
-0.0029	-0.001	0.9995	0.2441	-0.061	0.4272
-0.0015	-0.0024	0.9995	0.3662	0.061	-0.061
-0.0005	-0.0015	0.9995	0.1831	-0.2441	0
-0.002	-0.001	1.0005	0	-0.061	0.1831
-0.002	-0.0015	1.0005	-0.1221	0.061	-0.1221
-0.0015	-0.0024	0.9995	-0.061	0.061	-0.1831
-0.0015	-0.0024	0.9995	0.3662	-0.061	-0.1831
0	-0.0015	1.0005	-0.3052	-0.061	-0.1221
-0.0015	-0.001	1.0005	-0.061	-0.3662	0
-0.002	-0.0015	0.9985	0.1221	0	-0.1221
-0.0015	-0.0024	0.9995	-0.1831	0.1831	-0.2441
0	-0.001	1.0005	-0.4272	0	0
-0.0005	-0.0024	0.9995	-0.1831	-0.3052	-0.1221
-0.0015	-0.001	0.9985	0.061	0	-0.4272
-0.0005	-0.001	0.9985	0.1831	0.1221	0.061
-0.0005	-0.001	0.9985	0.2441	0	0
-0.002	-0.0015	0.9985	0.3052	-0.1221	-0.3052
-0.0015	-0.0015	1.0005	0.1831	-0.6104	-0.3052
-0.0005	-0.001	1.001	0	0.1221	0
-0.0005	-0.001	0.998	0.1221	0.3662	0
-0.0005	0	0.9995	0	0.1221	-0.1221
-0.0015	-0.001	0.9995	-0.3052	0	0
0.001	-0.001	0.9971	-0.3052	-0.2441	0
-0.0015	-0.001	0.9995	-0.1221	0	0.1221
-0.002	-0.0024	0.9985	-0.1831	-0.061	0.4883
-0.0015	-0.0029	0.9995	-0.1221	0	-0.1221
-0.0015	-0.0024	1.0005	0	0	0
-0.0015	-0.0024	0.9995	-0.4272	0	0
-0.002	-0.0015	1.0005	-0.3662	0	0.2441
-0.0029	-0.001	1.0005	-0.1831	0.061	0.1221
-0.0015	-0.001	0.9995	0.6104	0	0
-0.0005	0	0.9995	0.4883	0	0.1221
-0.0005	-0.001	1.001	-0.1221	-0.1221	-0.1831
-0.0015	-0.0015	0.9985	0.2441	0	0.1831
-0.0015	-0.0024	1.001	0	0	0.3662
-0.0005	-0.0015	0.9995	0	-0.1831	0
0	-0.0029	0.998	-0.4272	-0.1831	-0.061
-0.002	-0.0015	1.001	0	0.061	0
-0.0005	-0.0015	1.001	0.2441	0	0
-0.0005	-0.0015	1.0005	0.1221	0.061	-0.2441
-0.002	-0.0015	1.001	0.061	0	0.1831
0	-0.001	1.0005	0	-0.061	-0.061
0	-0.001	1.0005	0.3662	-0.1221	0.1221
-0.0015	-0.001	1.001	0.2441	0	-0.1221
0	-0.001	0.9995	0	0	0
-0.0005	-0.001	0.9995	0	-0.061	0.1221
-0.002	-0.0015	0.9995	0.061	0	-0.1831
-0.0015	-0.0029	1.0005	0	0	-0.1221
-0.0005	-0.0024	1.0005	-0.1831	-0.1221	0.1221
-0.0005	-0.0015	1.0005	-0.061	-0.1221	0
-0.0015	-0.0024	0.9985	0.1221	0	0
-0.0005	-0.0015	1.0005	0	0.061	0.061
-0.0005	-0.001	1.0005	-0.061	-0.1831	0.1831
-0.0015	-0.001	1.0005	0	0.061	0
0	-0.0024	1.001	-0.061	-0.1831	0
0	-0.001	1.0005	0.061	0	0
0	-0.0024	1.0005	0	0	-0.061
-0.0034	-0.0024	0.9995	0.1221	-0.1831	-0.1221
-0.0015	-0.0024	1.0005	0	0	0
-0.002	-0.0015	0.9995	0	0	0
-0.002	-0.0024	1.002	0	0	0
-0.0015	-0.0024	0.9985	0	0	0
-0.0005	-0.0015	1.001	0	0	0
-0.0015	-0.001	1.001	0	0	0
-0.0015	-0.001	1.0005	0	0	0
0.001	-0.001	0.9995	0	0	0
-0.0015	-0.001	1.0005	0	0	0
-0.002	-0.001	0.9995	0	0	0
-0.0015	-0.0024	0.9995	0	0	0
-0.0005	-0.0024	1.0005	0	0	0
-0.002	-0.0024	1.0005	0	0	0
-0.0015	-0.0015	0.9995	0	0	0
-0.0015	-0.0024	0.9995	0	0	0
-0.0029	-0.0015	1.0005	0	0	0
-0.0005	-0.001	1.0005	0	0	0
-0.0005	0	1.002	0	0	0
-0.0015	-0.0015	0.9995	0	0	0
-0.002	-0.001	1.001	0	0	0
-0.0005	-0.0015	1.002	0	0	0
-0.0029	-0.0024	1.0005	0	0	0
-0.0015	-0.0024	1.0005	0	0	0
-0.0015	-0.0015	0.9985	0	0	0
-0.0029	-0.0015	1.0005	0	0	0
0	0	1.0005	0	0	0
-0.0015	-0.0024	1.0005	0	0	0
-0.0005	-0.0015	0.9995	0	0	0
-0.0015	0	0.9995	0	0	0
0	-0.001	1.001	0	0	0
-0.0005	0	0.9995	0	0	0
-0.0015	-0.0015	1.001	0	0	0
-0.002	-0.0024	1.001	0	0	0
0.001	-0.0015	1.0005	0	0	0
0	-0.0015	1.001	0	0	0
-0.002	-0.0024	0.9985	0	0	0
-0.002	-0.0015	0.9985	0	0	0
-0.0005	0	0.9995	0	0	0
-0.0005	-0.0015	1.0005	0	0	0
-0.0015	-0.0015	0.9995	0	0	0
-0.0005	-0.0015	1.0005	0	0	0
-0.0015	-0.0015	0.9995	0	0	0
-0.0015	-0.0024	0.9995	0	0	0
-0.0005	-0.001	1.001	0	0	0
-0.0015	-0.0024	0.9995	0	0	0
0	-0.0024	1.0005	0	0	0
-0.0015	-0.0015	0.9995	0	0	0
-0.0005	-0.0015	1.0005	0	0	0
-0.0015	-0.001	0.9995	0	0	0
-0.0005	-0.0015	1.0005	0	0	0
-0.0015	-0.001	1.0005	0	0	0
-0.0005	-0.001	0.9995	0	0	0
-0.0005	-0.0015	1.002	0	0	0
0.001	-0.001	0.9985	0	0	0
-0.002	-0.0024	0.9995	0	0	0
-0.0015	-0.0015	1.0005	0	0	0
-0.0005	-0.0029	1.0005	0	0	0
-0.0005	-0.0024	0.998	0	0	0
0	0	1.001	0	0	0
0.001	0	1.0005	0	0	0
-0.0015	0.0005	0.9985	0	0	0
-0.002	-0.001	1.0024	0	0	0
-0.002	-0.0024	1.0005	0	0	0
-0.002	-0.0029	1.0005	0	0	0
-0.002	-0.0029	1.0005	0	0	0
-0.0015	-0.0024	0.9995	0	0	0
-0.0005	-0.0015	0.9995	0	0	0
-0.0005	-0.0015	1.001	0	0	0
-0.0005	-0.0024	0.9995	0	0	0
0.001	0.0005	0.998	0	0	0
0	-0.001	1.002	0	0	0
0	-0.0015	0.9995	0	0	0
-0.0005	-0.0024	1.001	0	0	0
-0.0005	-0.001	1.0005	0	0	0
-0.0005	-0.0015	0.9985	0	0	0
-0.002	-0.001	1.0005	0	0	0
-0.002	-0.0029	0.9995	0	0	0
-0.0029	-0.0024	0.9995	0	0	0
-0.002	-0.0024	0.9995	0	0	0
-0.0005	-0.0024	0.9985	0	0	0
-0.0015	-0.001	0.9995	0	0	0
-0.0015	-0.001	0.9995	0	0	0
-0.0015	-0.001	0.9995	0	0	0
-0.0005	-0.001	0.998	0	0	0
-0.0015	-0.0024	1.0005	0	0	0
0	-0.0024	1.0005	0	0	0
-0.0015	-0.0024	1.0005	0	0	0
-0.0015	-0.0024	1.0005	0	0	0
-0.0015	-0.0015	1.0005	0	0	0
0	-0.001	1.0005	0	0	0
-0.0029	-0.0015	1.001	0	0	0
-0.0005	-0.0015	1.002	0	0	0
-0.0005	-0.0015	0.9995	0	0	0
-0.0015	-0.001	1.0005	0	0	0
-0.002	0	0.9985	0	0	0
0	-0.0015	0.9995	0	0	0
0	-0.0015	1.001	0	0	0
0	-0.0024	1.0005	0	0	0
-0.0015	-0.0039	0.998	0	0	0
-0.0005	-0.0024	0.9995	0	0	0
-0.002	-0.001	1.0005	0	0	0
-0.0029	0	1.0005	0	0	0
-0.002	-0.0015	0.9956	0	0	0
-0.002	-0.001	1.002	0	0	0
0.001	-0.0015	0.9985	0	0	0
-0.0015	-0.0024	0.998	0	0	0
-0.0005	-0.0039	1.0039	0	0	0
-0.0015	-0.0039	0.9971	0	0	0
-0.002	-0.0024	1.0005	0	0	0
-0.0015	-0.0024	0.9985	0	0	0
-0.0015	-0.001	1.0005	0	0	0
-0.0005	-0.0015	1.0005	0	0	0
-0.0015	0	1.001	0	0	0
0	-0.001	1.0005	0	0	0
-0.0029	-0.0015	1.0005	0	0	0
-0.002	-0.001	0.9985	0	0	0
-0.002	-0.0024	0.9985	0	0	0
-0.002	-0.0039	1.001	0	0	0
-0.002	-0.0029	0.9995	0	0	0
-0.002	-0.0024	1.001	0	0	0
0	-0.001	0.9985	0	0	0
-0.0015	-0.001	1.001	0	0	0
0.001	-0.001	0.9995	0	0	0
0	0	0.9995	0	0	0
0	0	1.0005	0	0	0
-0.0015	-0.001	0.9985	0	0	0
-0.0005	-0.0024	1.001	0	0	0
-0.0044	-0.0039	0.9995	0	0	0
-0.0034	-0.0029	0.9995	0	0	0
-0.0015	-0.0039	0.9995	0	0	0
-0.0015	-0.0024	1.001	0	0	0
0	-0.0015	1.0005	0	0	0
0.0015	-0.0015	0.9985	0	0	0
0.0024	-0.001	1.0005	0	0	0
0.0015	0.0005	0.9995	0	0	0
-0.0005	0.0005	1.0005	0	0	0
-0.002	-0.001	0.9995	0	0	0
-0.0029	-0.0015	1.001	0	0	0
-0.0034	-0.0015	1.0005	0	0	0
-0.0044	-0.0029	0.9985	0	0	0
-0.0029	-0.0029	0.9995	0	0	0
-0.0015	-0.0024	0.9995	0	0	0
-0.0015	-0.0015	0.9985	0	0	0
0	0	1.0005	0	0	0
0	0.0015	1.0005	0	0	0
0.001	0.002	0.9985	0	0	0
0	0	0.9985	0	0	0
0.001	-0.0024	1.0005	0	0	0
-0.0015	-0.0054	1.0005	0	0	0
-0.002	-0.0054	0.9995	0	0	0
-0.002	-0.0059	1.0005	0	0	0
-0.0029	-0.0024	1.0005	0	0	0
-0.0029	-0.001	1.0005	0	0	0
-0.0005	0.0015	0.9971	0	0	0
-0.002	0.0015	1.002	0	0	0
0.001	0.0029	0.9985	0	0	0
0.0015	0.0005	1.001	0	0	0
-0.0005	-0.0015	0.998	0	0	0
0.0015	-0.0015	1.0024	0	0	0
0	-0.0024	0.9995	0	0	0
-0.0005	-0.0044	0.9995	0	0	0
-0.002	-0.0054	0.9995	0	0	0
-0.0029	-0.0044	0.998	0	0	0
-0.0034	-0.0024	0.9985	0	0	0
-0.0044	-0.001	1.001	0	0	0
-0.0029	0.0015	0.9995	0	0	0
-0.002	0.0034	0.998	0	0	0
-0.0005	0.002	0.998	0	0	0
-0.0005	0.0005	0.9985	0	0	0
0.0015	0	1.0024	0	0	0
0.0015	-0.0044	1.002	0	0	0
0	-0.0068	0.9995	0	0	0
-0.0029	-0.0083	1.001	0	0	0
-0.0029	-0.0044	0.9985	0	0	0
-0.002	-0.0039	0.9995	0	0	0
-0.0005	0.0005	1.002	0	0	0
0	0.0029	1.0005	0	0	0
0.001	0.0044	1.0005	0	0	0
0	0.0034	0.9995	0	0	0
0.0015	0.0005	1.002	0	0	0
0	-0.0024	1.001	0	0	0
0	-0.0044	0.9985	0	0	0
-0.0034	-0.0059	0.9985	0	0	0
-0.0029	-0.0073	1.0024	0	0	0
-0.0044	-0.0039	0.9985	0	0	0
-0.0029	-0.0015	0.9995	0	0	0
-0.0015	0.0005	1.002	0	0	0
-0.0015	0.002	1.0005	0	0	0
0	0.002	1.001	0	0	0
0.001	0.002	0.998	0	0	0
0.0024	0.0005	0.998	0	0	0
0.0015	-0.001	1.0024	0	0	0
0.001	-0.0044	1.0005	0	0	0
0	-0.0044	0.998	0	0	0
-0.002	-0.0054	1.0005	0	0	0
-0.0029	-0.0054	1.0005	0	0	0
-0.0049	-0.0024	1.001	0	0	0
-0.0044	0.0005	0.9985	0	0	0
-0.0044	0.0029	1.0005	0	0	0
-0.0015	0.0029	1.001	0	0	0
-0.0005	0.0044	0.9995	0	0	0
0.001	0.0005	1.001	0	0	0
0.0015	-0.0029	1.0005	0	0	0
0.001	-0.0054	0.9985	0	0	0
0.001	-0.0059	0.9985	0	0	0
0.001	-0.0044	1.001	0	0	0
0	-0.0039	0.9995	0	0	0
-0.002	-0.0015	0.9985	0	0	0
-0.0029	-0.001	1.0005	0	0	0
-0.0029	0.0005	1.0005	0	0	0
-0.0049	0.0015	0.9995	0	0	0
-0.0044	0.002	0.9985	0	0	0
-0.0029	0.0005	1.0005	0	0	0
-0.0029	-0.001	1.0005	0	0	0
-0.0005	-0.0029	0.9985	0	0	0
0.0024	-0.0044	1.001	0	0	0
0.0015	-0.0044	1.001	0	0	0
0.0024	-0.0039	1.002	0	0	0
0.0015	-0.0015	1.001	0	0	0
0.0015	0	1.001	0	0	0
-0.0015	0.002	0.9995	0	0	0
-0.0029	0.002	1.001	0	0	0
-0.0029	0	0.9995	0	0	0
-0.0034	-0.001	1.001	0	0	0
-0.0034	-0.001	0.9995	0	0	0
-0.0029	-0.0015	0.9985	0	0	0
-0.0015	-0.0024	1.001	0	0	0
0	-0.0024	1.001	0	0	0
0.0024	-0.0015	0.9995	0	0	0
0.0024	-0.0039	0.9985	0	0	0
0	-0.0024	1.0005	0	0	0
0	-0.0015	1.001	0	0	0
-0.0015	0.0005	0.9995	0	0	0
-0.0034	0.0005	0.9995	0	0	0
-0.0034	0.0005	0.9995	0	0	0
-0.0015	-0.001	0.9985	0	0	0
-0.0029	-0.0015	1.0024	0	0	0
0	-0.0044	0.9956	0	0	0
-0.0015	-0.0054	1.0005	0	0	0
0.0015	-0.0029	1.002	0	0	0
0	0.0015	0.9971	0	0	0
-0.0005	0	1.0034	0	0	0
-0.002	-0.0024	0.9971	0	0	0
-0.0034	-0.0015	0.9941	0	0	0
-0.002	-0.0024	0.998	0	0	0
-0.0029	-0.0015	0.9985	0	0	0
-0.0015	-0.0015	1.0034	0	0	0
-0.0005	0.0005	0.998	0	0	0
-0.0005	-0.0015	1.0005	0	0	0
-0.0005	-0.0024	0.9995	0	0	0
0.001	-0.0015	0.9966	0	0	0
0.0015	-0.0024	0.9985	0	0	0
-0.0015	-0.0024	1.002	0	0	0
-0.0005	0	1.0034	0	0	0
-0.0029	0.0005	1.001	0	0	0
