Time (s)	Processed X Gyro	Processed Y Gyro	Processed Z Gyro	Processed X Accel	Processed Y Accel	Processed Z Accel
704.505047	0.024032107	0.134680301	0.137643918	-0.026166985	-0.025404697	-1.000858665
704.5684394	-0.00525077	-0.258051246	0.076811291	-0.026060591	-0.025235023	-1.000738502
704.6291183	0.08457239	0.195443928	0.04596873	-0.02611842	-0.027072089	-1.00082767
704.6919739	0.143961161	0.139634773	0.076516762	-0.025083303	-0.0272396	-1.001536489
704.7557303	0.057647135	-0.082425468	0.016482554	-0.026366759	-0.025780087	-1.001929402
704.8165837	-0.067649342	-0.017550241	-0.015224496	-0.025854021	-0.026789226	-1.002299905
704.8798391	0.073221996	0.143724337	0.116241634	-0.02634033	-0.02613562	-1.001998067
704.9426051	0.145251513	0.105359651	0.076459959	-0.026288243	-0.025632542	-1.001641512
705.0039523	0.054303378	-0.01754282	-0.045389213	-0.026837578	-0.025905695	-1.001197338
705.0679898	0.088806026	0.290975869	0.055555843	-0.026857521	-0.025011102	-1.001260042
705.1326076	0.085116602	0.074389547	0.046329066	-0.025051953	-0.024715358	-1.00204742
705.1927326	-0.189172551	-0.32242617	0.106836863	-0.027398691	-0.027013581	-1.000852466
705.2536993	-0.249863312	-0.172780782	0.046327736	-0.0265901	-0.026845599	-1.000729799
705.316811	0.4197281	-0.051577214	0.106725164	-0.027713317	-0.025772559	-1.002383471
705.3785258	-0.280016571	0.252635688	-0.013926024	-0.027877953	-0.024944149	-1.001916289
705.4425534	-0.250367016	-0.291958272	0.045855649	-0.027610138	-0.025769811	-1.0003618
705.5032631	0.024447557	0.247476026	0.015775604	-0.026641417	-0.026627459	-1.000863433
705.5668596	-0.067917436	0.079152107	0.077547908	-0.026411287	-0.026520381	-1.002286553
705.6287362	-0.189381182	0.074464433	-0.045390967	-0.027099973	-0.026216606	-1.001544595
705.6918219	-0.096087955	-0.25646165	0.051626265	-0.027206028	-0.02543867	-1.001302361
705.7546344	0.146924138	0.044384181	0.077305712	-0.027718311	-0.026150148	-1.001365662
705.8186936	-0.007066877	0.104867399	0.106928952	-0.027782761	-0.026389167	-1.000881553
705.8794791	-0.07166829	-0.209498301	0.090166613	-0.026383165	-0.026474906	-1.001031756
705.9415803	0.052091304	-0.048776001	0.044278529	-0.026651833	-0.026563508	-1.000821948
706.0045677	0.087367699	0.16661492	0.105249904	-0.026982937	-0.026540294	-1.001414061
706.0682211	0.147796303	0.045226377	-0.013324786	-0.026315007	-0.025673453	-1.00152421
706.131098	-4.22551012	-9.766303062	-1.266810298	-0.024986994	-0.032870334	-1.034326553
706.1923978	-4.705180168	-12.48348045	1.325567722	-0.022079414	-0.021726511	-0.987884939
706.254188	1.70324719	0.709687769	0.229116961	-0.024519186	-0.02412015	-0.999782264
706.3162446	0.247522727	1.933949947	0.118473448	-0.024171513	-0.02083162	-0.999511957
706.3822665	0.513980269	0.226251319	-0.228530854	-0.028704751	-0.026445933	-1.000576973
706.4412846	-1.226702332	0.637290776	-0.321575016	-0.026749518	-0.027636262	-1.004849195
706.5052637	0.707463801	7.215569019	-0.62934655	-0.025613107	-0.025087763	-1.007345319
706.5671596	3.157348156	-17.67986107	10.98761845	-0.035428077	-0.024457436	-1.00238502
706.6314841	-12.48667526	-0.244813502	-7.636635303	0.007408183	-0.016845783	-0.98029381
706.691981	-28.06985855	-12.73384094	4.919272423	-0.044209708	-0.026706751	-0.985475421
706.7561215	-14.46510983	-14.74746132	1.622061133	-0.025787564	-0.008531594	-1.001727104
706.817038	-3.420983791	-3.922125816	8.734235764	-0.030985391	0.010359716	-1.009955287
706.8798861	-6.101201057	-3.369024038	0.502732396	-0.049748171	0.016867798	-1.007382393
706.941784	13.91137695	10.09871292	-0.618805826	0.016600076	0.041895412	-1.01276505
707.0079619	1.964591622	-2.950801373	-17.00217056	0.002838101	0.017822318	-0.991502166
707.0667329	5.615363121	-3.067043781	-5.346122265	0.030886661	0.022368999	-0.999082267
707.1284851	12.2227726	3.775160789	-3.465272188	0.033642486	0.022772554	-0.994721234
707.193742	1.609112382	-1.975238442	1.293323994	-0.013027985	-0.013194118	-1.003592849
707.2577712	11.71478939	-1.042175412	-4.195354462	-0.030816171	-0.031950377	-1.018664718
707.3166922	-13.34062958	22.58172989	-17.31426811	-0.037046857	-0.00235064	-0.99443996
707.3785195	38.76354218	63.1010704	-2.472662926	-0.022367805	-6.71E-05	-1.064872503
707.4446322	20.02488136	19.03572083	40.00710678	0.031413976	-0.02398099	-0.974690616
707.5075091	-16.74339104	-9.423716545	19.754776	0.028483402	-0.036404785	-0.936897755
707.5665848	-16.74801826	-9.447275162	12.43303967	0.036910564	-0.06508591	-1.004541159
707.6304964	-10.5150528	22.27010345	-20.28457451	0.022419261	-0.064439416	-1.007436156
707.6915104	-0.28731662	-3.444521666	-9.403112411	0.019635707	-0.021831555	-0.97467804
707.7572987	-10.85269356	-46.73332977	-11.22656727	0.006674832	-0.004129379	-0.993434429
707.8174454	-7.750302792	-80.19075012	5.691096306	0.027265824	0.0321327	-1.00100255
707.8803768	-0.626995265	-89.94347382	46.93455887	-0.065759048	0.035103701	-1.009404778
707.9414489	0.84629792	-8.68626976	-5.784145355	-0.071780637	-0.000579415	-1.001883507
708.0053707	13.93629265	-18.16919136	-4.480683804	-0.099465467	-0.014575851	-1.026260257
708.0680972	2.310505629	10.83547878	-20.92947388	-0.090993941	-0.05997619	-1.011542439
708.1292032	17.29142761	-16.94227791	-5.068179607	-0.159158915	-0.076326273	-1.01755774
708.1907016	6.091705799	27.52294922	4.923606396	-0.111145779	-0.055309862	-0.955230236
708.2571929	-12.91486263	16.09980392	-8.992725372	-0.072631024	-0.060977284	-1.013427615
708.3160468	-12.63072109	11.42299652	-11.17424774	-0.073799923	-0.03494601	-1.000527382
708.3791092	-6.590386868	-13.79758739	13.76620865	-0.092522942	-0.029109696	-0.993196607
708.4427969	2.3406744	10.55882454	17.03722191	-0.10642565	-0.036636084	-1.03564024
708.5050726	-3.439620972	-35.32085037	35.35063171	-0.118154138	-0.038732238	-1.015259504
708.5671367	-37.62357712	-52.30181122	51.55858994	-0.15131335	-0.025555173	-0.970592856
708.6289367	2.91982913	-48.09790421	26.81915474	-0.123116739	-0.029185234	-0.982685447
708.6936528	-9.030950546	-0.035823002	-0.723724604	-0.107278205	-0.006772623	-0.98740834
708.7564547	-30.51618004	23.06934738	-5.275648117	-0.205070108	0.013173074	-1.006066561
708.8176096	-7.566453457	26.15218353	-51.85974884	-0.160189211	0.047443353	-0.998347878
708.8796919	-3.486971617	47.76392746	-47.22075272	-0.104567647	0.040477611	-1.003591299
708.9437775	-4.74219799	72.67268372	-80.76243591	-0.075080544	0.034752931	-1.00022316
709.0077033	-10.16788673	18.48770523	-75.77544403	0.030028496	0.023916867	-1.012516379
709.0665734	1.891841531	24.70967484	-32.07442093	0.001107163	0.012381795	-1.027215838
709.1286971	6.256175995	-8.522761345	-19.30833817	0.027571924	0.04943794	-0.983643472
709.192538	12.88789368	9.774436951	-8.693070412	-0.044640213	-0.019088751	-1.037133574
709.2535808	4.716609478	51.07112503	0.980674028	-0.025082795	0.004858624	-1.002773762
709.3173661	-6.854332447	-19.39199638	36.05617523	-0.083532214	0.058827374	-1.003032207
709.3835802	-7.538015842	-8.003213882	10.75017357	-0.080155902	0.062392484	-1.02814424
709.4444857	-20.55194664	-0.293116897	10.32729149	-0.030680057	0.117847309	-1.006386042
709.505349	-15.94503117	-40.96105194	15.41192436	-0.029032765	0.080451518	-0.989497125
709.5663208	67.6414032	-13.43575001	36.1857605	-0.025836507	0.110221915	-1.007858157
709.6319487	74.42743683	20.68714333	10.18126106	-0.052020513	-0.016098361	-1.061965108
709.6921377	18.04770088	-41.91261673	36.12213898	-0.057362113	-0.064221971	-1.027778864
709.757436	-15.61097431	10.89281368	11.12603951	-0.055565815	-0.106435135	-0.991404116
709.8160768	-37.2997551	-2.033956528	5.213722706	-0.0726244	-0.069552891	-0.962959886
709.880003	-51.99807739	-0.814576149	-51.74333572	-0.105409905	-0.059651248	-0.97848022
709.9409826	-93.4667511	-8.927825928	-29.07475662	-0.084891237	-0.021855537	-0.986987531
710.0041746	-19.72105408	2.607494831	-1.809028625	-0.093430169	0.010251706	-1.03072381
710.066059	55.50987625	12.15438652	44.55884171	-0.096040539	0.049617898	-1.021898508
710.1330718	42.87818146	4.219198227	-6.292960644	-0.064566799	0.030685998	-1.04607451
710.1930389	39.09067535	-4.099692345	-14.11612988	-0.080938987	0.00500447	-1.035283685
710.2570176	14.91209984	10.74628258	-16.22956467	-0.0440595	0.032555986	-1.010876298
710.3187907	12.88840485	1.15195632	-13.71966171	-0.0545302	0.041579433	-1.003032565
710.3790938	4.644906521	15.15835667	6.419489384	-0.042532649	0.025797194	-1.000020146
710.4430085	-13.84654045	-10.83608341	-5.524945259	-0.027649641	0.0103589	-0.97831732
710.505829	-28.8279686	-5.014764309	12.18679142	-0.050411552	0.011384534	-0.98088485
710.5668695	-1.532029152	3.600422144	45.30727768	-0.040579963	0.044567417	-1.013648748
710.6289813	-11.2681036	7.504428387	-12.10084343	-0.014287373	0.122164063	-0.962934256
710.6947005	-11.38503647	10.07241726	-0.172576532	-0.055245474	0.207207456	-1.002642035
710.7537431	35.85568619	14.89349365	14.15725231	-0.052229319	0.187502652	-1.043584704
710.8164483	-4.147856236	4.128002167	-33.49953842	-0.047335837	0.20081389	-1.0090276
710.8784109	0.238662839	-31.53507996	-7.614526749	-0.013561043	0.188528135	-1.042371631
710.9414453	1.723699212	2.014941692	8.718196869	-0.039159685	0.180684313	-0.979454279
711.003856	-11.28176594	15.62359619	9.494203568	-0.034627881	0.16447708	-0.994493544
711.0664206	-10.38156033	3.222023726	0.754245341	-0.028559616	0.102163218	-0.94848752
711.1293706	6.663078785	1.654875755	0.366289943	-0.072120443	0.046854779	-1.04243052
711.1935541	6.241986752	-7.434407711	16.02343178	-0.041543063	-0.015716571	-0.96305418
711.2543818	30.16077995	-27.97613716	48.42742538	-0.088929318	-0.101211436	-0.965412855
711.3163523	8.831671715	-3.522211075	44.24903107	-0.137319446	-0.123775885	-1.116209149
711.3795277	8.728928566	40.90123749	-9.843448639	-0.125172243	-0.085842103	-1.182833791
711.443335	-2.205788374	1.879552484	-24.36367798	-0.107904434	-0.035470471	-1.185355544
711.5053347	-17.39162064	15.42435169	9.163027763	-0.020583587	0.05797933	-1.071582556
711.5662051	-14.63599396	-4.928770542	-1.115190744	-0.052594464	0.074270375	-1.034296751
711.6292549	0.882160068	0.872629642	-5.352366447	-0.013914239	0.097612374	-1.047665119
711.6931866	0.537101448	-12.64461517	4.381218433	-0.030532129	0.098677047	-0.991344452
711.7562012	-15.23580456	0.839112341	-5.222895622	-0.054910768	0.077448077	-0.958046556
711.8170297	-7.90419054	10.77653122	-3.458310366	-0.042959753	0.061765652	-0.928772211
711.8799252	-14.51679516	0.944305301	1.508003473	-0.03815316	0.084299736	-0.823432922
711.9411627	-14.55012798	0.688194454	12.21259022	0.022183996	0.140931681	-0.793123841
712.0040557	2.341964483	-19.43730927	26.56981468	-0.042463537	0.074819572	-0.925160229
712.0658447	15.30393505	13.31387615	26.59723473	-0.094355494	-0.017016321	-1.036273956
712.1320324	20.75873184	-2.922621965	-9.708821297	-0.141199768	-0.053334322	-1.071739554
712.192208	29.88499641	-9.315421104	2.463828564	-0.043428876	-0.013000431	-1.029510379
712.2539136	11.7823019	20.56889534	3.80858016	-0.036663298	0.016419055	-0.974569082
712.318921	24.01246452	-20.46488571	17.69464684	0.085119836	0.103006139	-1.015521526
712.3789308	-2.043550253	7.946425438	-2.811874866	0.023267873	0.131366208	-0.987716556
712.4419569	-9.987895012	18.13891411	-17.77876663	0.047100455	0.223246649	-1.025506496
712.5045409	-4.244367123	-15.23159313	-13.55159187	-0.02251083	0.250754565	-1.032752514
712.5666839	-10.55547714	14.73616982	1.784343958	-0.042315327	0.228364989	-1.019052744
712.6296378	-2.50817585	13.98236847	-7.91387701	-0.01561947	0.16658318	-0.990747511
712.6926442	-8.751739502	13.75382996	0.177457586	-0.016205838	0.144882053	-1.009650946
712.7535086	-4.52132988	-18.12203407	5.833934307	0.086886406	0.132685691	-0.968265057
712.8166512	-18.10937691	-7.404314995	26.04432869	0.016325686	0.013908616	-0.926628888
712.8815757	-10.2085495	-10.57056332	-13.31529999	-0.035887741	-0.007683799	-0.9802953
712.9412862	-11.10294056	-7.673194885	-11.56730747	-0.038895398	0.01599323	-1.036028981
713.0087218	3.140406132	1.601599813	9.782188416	-0.037625726	0.025533976	-1.068716526
713.0661076	8.503293991	-4.728760242	-15.07643986	-0.080235533	4.00E-06	-1.030695915
713.1314604	11.64758205	-1.618830323	10.93601036	-0.058457468	0.006806542	-1.036252856
713.1921882	23.04042625	5.360846996	9.535928726	-0.044205725	-0.045477659	-1.032264233
713.2557323	15.60340691	4.041730404	20.63005447	-0.081521064	-0.115436703	-0.998842299
713.3162363	9.243429184	11.37348461	0.582094669	-0.067240708	-0.155278221	-0.975743175
713.37938	16.30026054	19.24687958	-12.13892651	-0.022348352	-0.058329515	-1.028765202
713.4413292	13.64107418	0.206088051	-17.52089691	0.034668021	0.051695257	-0.963559866
713.5040703	1.495123863	15.69927979	6.805255413	0.169627756	0.127338186	-0.975046277
713.5663208	0.933044136	1.811421633	9.587209702	0.183516935	0.065258786	-0.999458492
713.6302615	-20.39992905	6.573523045	4.826068878	0.108250342	0.036102928	-1.007243872
713.6912688	9.265835762	-2.505767107	7.22518158	0.096905529	0.025928475	-1.049408913
713.7552811	-15.60769749	9.77504921	-4.373089314	0.022579418	0.037417136	-0.974081635
713.8161538	3.00488019	-32.6375351	15.28783035	-0.042853534	0.03879267	-1.016150832
713.8790808	-1.593350768	-15.68310928	16.9637394	-0.120667949	0.047812033	-1.030455589
713.9416936	-0.070982583	-17.7889061	-10.63316822	-0.217661321	0.026059613	-1.050753355
714.0041015	6.666199207	11.33337975	-3.08516717	-0.156817347	0.045204766	-1.052023649
714.0676313	0.359084189	15.5069561	-8.433966637	-0.159872487	0.053356282	-1.017594814
714.1288775	9.635533333	-12.30095291	1.590031266	-0.113995507	0.03557631	-1.010644674
714.1944316	-4.309894562	26.69843674	-13.54677773	-0.031778652	0.048135236	-0.930297434
714.254486	-1.224665046	-4.715001106	-2.542405367	-0.000453247	0.024902454	-0.947712958
714.3162623	-2.140910149	0.551409662	-1.090769768	0.008105951	0.023347151	-0.911982954
714.3798004	-26.18987656	-27.19783974	6.52558136	-0.001069414	0.010807682	-0.936459601
714.442688	-17.19896698	-46.48443604	21.05358124	0.029035002	0.010474123	-1.017250538
714.5036649	-9.350036621	-30.29880905	-5.303552628	0.0413353	0.027396623	-1.027457237
714.5666496	-6.944729805	-26.04932404	-8.854674339	0.0387609	0.029672168	-1.055493712
714.6290251	9.979944229	-17.14233017	8.607432365	0.158077776	0.073641531	-1.058592558
714.691752	14.88249588	30.60628128	16.15897369	0.125795305	0.092514791	-1.047174573
714.7546787	28.1663475	58.45708084	3.918016672	0.107073404	0.034900557	-1.039049387
714.8164937	9.077123642	56.20502853	-5.906258106	0.013983243	0.030663617	-0.986799955
714.8793986	2.092810392	19.35560989	29.36781883	-0.012063237	0.032489806	-0.968245327
714.942296	-20.55884171	-14.25860882	5.775718689	-0.142228723	0.030676363	-0.961051106
715.0055179	-8.239492416	11.33195019	-22.57881737	-0.112431839	-0.006527845	-1.002215505
715.0661348	-19.54257202	-6.039295197	3.572938442	-0.023997081	0.034944732	-0.969039083
715.1320806	-15.06785297	1.898829699	-13.97669029	-0.017808238	0.046308409	-0.884399772
715.1920607	20.34928322	19.37945175	-23.57157898	0.004456033	0.067514181	-0.944792509
715.2553624	-3.274855137	-14.89612103	-24.31881332	-0.002155411	0.085109837	-0.96381855
715.3171691	7.712471962	-16.90952301	-33.42747879	0.014695617	0.105655842	-0.99226886
715.3801861	15.66127777	-21.10019684	-2.879257441	0.030819854	0.120221637	-1.027984142
715.4421326	31.1304493	-14.38125038	-16.53400421	0.039154299	0.057894316	-1.098450422
715.5048066	37.02542877	-10.09576797	0.74588871	-0.032821722	0.015653212	-1.04283917
715.5659043	-25.06708717	-31.59175301	4.553931713	-0.041035593	-0.035327032	-1.094835997
715.6289028	5.951398373	2.012138367	2.786162138	-0.0395093	-0.007554073	-1.091411114
715.6922348	13.08165836	-0.166988045	-11.58435631	-0.068097726	-0.018425032	-1.030493736
715.7548938	-4.700712204	-15.23030376	0.167596295	-0.068858303	-0.036758129	-0.990229845
715.8191101	14.81035709	37.57546997	-59.91969681	-0.08620932	-0.032684494	-1.007757306
715.8789205	-11.8020792	18.52554131	-7.474875927	-0.09319143	-0.052503139	-1.010544062
715.9417201	-31.65069008	-5.808358192	17.2705574	-0.125001714	-0.052281	-0.982986689
716.0049108	2.496711254	-0.914589643	0.165017381	-0.003153865	-0.013510117	-1.004669189
716.0687296	4.776643276	-3.212297678	-2.050127029	-0.029063059	-0.015332676	-1.009940982
716.1307534	-5.66912365	-2.359492302	26.59459305	-0.026202958	-0.020153176	-1.021917582
716.1927823	5.252557755	1.077117324	0.723711848	-0.051459372	-0.031376295	-1.003712893
716.2545267	-1.095878243	0.106696419	-0.046951663	-0.046080228	-0.036667518	-0.998813212
716.3176045	-0.954366267	0.194880351	-0.075984977	-0.045119453	-0.036345623	-1.000032544
716.3787654	-0.159431577	0.16570358	0.137213349	-0.043916348	-0.036570325	-0.999907911
716.444372	0.014936522	0.258868366	0.081958354	-0.043422122	-0.035979841	-1.000825405
716.507586	0.022327878	0.103399836	-0.013933427	-0.043558024	-0.036293849	-1.001773953
716.5664435	-0.005987857	0.136097178	0.047054756	-0.042252373	-0.036629163	-1.002209425
716.6314557	-0.000697217	-0.02694039	0.019176852	-0.042847436	-0.036973253	-1.000756741
716.691304	-0.0978145	-0.07884258	-0.167887568	-0.043391488	-0.036535896	-1.001633406
716.7544327	-0.005259789	-0.078054659	0.045600861	-0.042644195	-0.036125962	-1.000575304
716.8172457	-0.188263178	-0.047910307	0.07947015	-0.042346798	-0.036310039	-1.000878811
716.8812926	-0.00645949	0.105159655	-0.04549979	-0.043422341	-0.035797071	-1.001394868
716.9432367	-0.098143131	0.135545939	0.045972202	-0.043102019	-0.036034901	-1.000682473
717.0044994	-0.097449996	0.103066966	0.105136707	-0.043882214	-0.036036782	-1.00102675
717.0673053	0.023786798	-0.07841669	0.076798245	-0.043678958	-0.035662383	-1.001174808
717.1309989	0.023918169	0.287450135	0.137432128	-0.042673036	-0.036006562	-1.00143981
717.1920406	0.090178043	0.265400499	-0.135267019	-0.043795489	-0.035124689	-1.000602126
717.2550632	-0.036886998	-0.085809864	0.072754592	-0.043751705	-0.035149749	-1.000543118
717.3177533	-0.189815298	-0.017649313	-0.106904231	-0.043670192	-0.037264045	-1.001440883
717.3787733	0.086569935	-0.077672206	0.015125457	-0.041657548	-0.036779772	-1.000251889
717.4448896	-0.078771509	-0.142223328	-0.199348494	-0.043868534	-0.034312684	-1.000892162
717.5040099	-0.006464604	0.196733654	0.076669179	-0.042774949	-0.037037071	-1.001910686
717.5667179	0.024247168	0.135432005	-0.045603648	-0.042442437	-0.036794189	-1.001041174
717.6288151	0.109866507	0.075470001	0.082175553	-0.044254653	-0.035571076	-1.000956535
717.6917228	-0.098656818	0.251066178	0.106105477	-0.042002656	-0.038454488	-1.000627875
